{
"AN": {
"N": "santa_speaks_assets (1)",
"SN": "parents whole scene",
"TL": {
"L": [
{
"LN": "mom_face",
"FR": [
{
"I": 0,
"DU": 30,
"E": []
},
{
"I": 30,
"DU": 1,
"E": [
{
"SI": {
"SN": "mom face become srs",
"IN": "",
"ST": "G",
"FF": 0,
"LP": "LP",
"TRP": {
"x": 42.0,
"y": 45.1
},
"M3D": [
-0.9980316162109375,
0.0587005615234375,
0.0,
0.0,
0.0587005615234375,
0.9980316162109375,
0.0,
0.0,
0.0,
0.0,
1.0,
0.0,
856.55,
-236.15,
0.0,
1.0
]
}
}
]
},
{
"I": 31,
"DU": 1,
"E": [
{
"SI": {
"SN": "mom face become srs",
"IN": "",
"ST": "G",
"FF": 1,
"LP": "LP",
"TRP": {
"x": 42.0,
"y": 45.1
},
"M3D": [
-0.9980316162109375,
0.0587005615234375,
0.0,
0.0,
0.0587005615234375,
0.9980316162109375,
0.0,
0.0,
0.0,
0.0,
1.0,
0.0,
856.55,
-236.15,
0.0,
1.0
]
}
}
]
},
{
"I": 32,
"DU": 1,
"E": [
{
"SI": {
"SN": "mom face become srs",
"IN": "",
"ST": "G",
"FF": 2,
"LP": "LP",
"TRP": {
"x": 42.0,
"y": 45.1
},
"M3D": [
-0.9980316162109375,
0.0587005615234375,
0.0,
0.0,
0.0587005615234375,
0.9980316162109375,
0.0,
0.0,
0.0,
0.0,
1.0,
0.0,
856.55,
-236.15,
0.0,
1.0
]
}
}
]
},
{
"I": 33,
"DU": 1,
"E": [
{
"SI": {
"SN": "mom face become srs",
"IN": "",
"ST": "G",
"FF": 3,
"LP": "LP",
"TRP": {
"x": 42.0,
"y": 45.1
},
"M3D": [
-0.9980316162109375,
0.0587005615234375,
0.0,
0.0,
0.0587005615234375,
0.9980316162109375,
0.0,
0.0,
0.0,
0.0,
1.0,
0.0,
856.55,
-236.15,
0.0,
1.0
]
}
}
]
},
{
"I": 34,
"DU": 1,
"E": [
{
"SI": {
"SN": "mom face become srs",
"IN": "",
"ST": "G",
"FF": 4,
"LP": "LP",
"TRP": {
"x": 42.0,
"y": 45.1
},
"M3D": [
-0.9980316162109375,
0.0587005615234375,
0.0,
0.0,
0.0587005615234375,
0.9980316162109375,
0.0,
0.0,
0.0,
0.0,
1.0,
0.0,
856.55,
-236.15,
0.0,
1.0
]
}
}
]
},
{
"I": 35,
"DU": 1,
"E": [
{
"SI": {
"SN": "mom face become srs",
"IN": "",
"ST": "G",
"FF": 5,
"LP": "LP",
"TRP": {
"x": 42.0,
"y": 45.1
},
"M3D": [
-0.9980316162109375,
0.0587005615234375,
0.0,
0.0,
0.0587005615234375,
0.9980316162109375,
0.0,
0.0,
0.0,
0.0,
1.0,
0.0,
856.55,
-236.15,
0.0,
1.0
]
}
}
]
},
{
"I": 36,
"DU": 1,
"E": [
{
"SI": {
"SN": "mom face become srs",
"IN": "",
"ST": "G",
"FF": 6,
"LP": "LP",
"TRP": {
"x": 42.0,
"y": 45.1
},
"M3D": [
-0.9980316162109375,
0.0587005615234375,
0.0,
0.0,
0.0587005615234375,
0.9980316162109375,
0.0,
0.0,
0.0,
0.0,
1.0,
0.0,
856.55,
-236.15,
0.0,
1.0
]
}
}
]
},
{
"I": 37,
"DU": 1,
"E": [
{
"SI": {
"SN": "mom face become srs",
"IN": "",
"ST": "G",
"FF": 7,
"LP": "LP",
"TRP": {
"x": 42.0,
"y": 45.1
},
"M3D": [
-0.9980316162109375,
0.0587005615234375,
0.0,
0.0,
0.0587005615234375,
0.9980316162109375,
0.0,
0.0,
0.0,
0.0,
1.0,
0.0,
856.55,
-236.15,
0.0,
1.0
]
}
}
]
},
{
"I": 38,
"DU": 1,
"E": [
{
"SI": {
"SN": "mom face become srs",
"IN": "",
"ST": "G",
"FF": 8,
"LP": "LP",
"TRP": {
"x": 42.0,
"y": 45.1
},
"M3D": [
-0.9980316162109375,
0.0587005615234375,
0.0,
0.0,
0.0587005615234375,
0.9980316162109375,
0.0,
0.0,
0.0,
0.0,
1.0,
0.0,
856.55,
-236.15,
0.0,
1.0
]
}
}
]
},
{
"I": 39,
"DU": 1,
"E": [
{
"SI": {
"SN": "mom face become srs",
"IN": "",
"ST": "G",
"FF": 9,
"LP": "LP",
"TRP": {
"x": 42.0,
"y": 45.1
},
"M3D": [
-0.9980316162109375,
0.0587005615234375,
0.0,
0.0,
0.0587005615234375,
0.9980316162109375,
0.0,
0.0,
0.0,
0.0,
1.0,
0.0,
856.55,
-236.15,
0.0,
1.0
]
}
}
]
},
{
"I": 40,
"DU": 1,
"E": [
{
"SI": {
"SN": "mom face become srs",
"IN": "",
"ST": "G",
"FF": 10,
"LP": "LP",
"TRP": {
"x": 42.0,
"y": 45.1
},
"M3D": [
-0.9980316162109375,
0.0587005615234375,
0.0,
0.0,
0.0587005615234375,
0.9980316162109375,
0.0,
0.0,
0.0,
0.0,
1.0,
0.0,
856.55,
-236.15,
0.0,
1.0
]
}
}
]
},
{
"I": 41,
"DU": 1,
"E": [
{
"SI": {
"SN": "mom face become srs",
"IN": "",
"ST": "G",
"FF": 11,
"LP": "LP",
"TRP": {
"x": 42.0,
"y": 45.1
},
"M3D": [
-0.9980316162109375,
0.0587005615234375,
0.0,
0.0,
0.0587005615234375,
0.9980316162109375,
0.0,
0.0,
0.0,
0.0,
1.0,
0.0,
856.55,
-236.15,
0.0,
1.0
]
}
}
]
},
{
"I": 42,
"DU": 1,
"E": [
{
"SI": {
"SN": "mom face become srs",
"IN": "",
"ST": "G",
"FF": 12,
"LP": "LP",
"TRP": {
"x": 42.0,
"y": 45.1
},
"M3D": [
-0.9980316162109375,
0.0587005615234375,
0.0,
0.0,
0.0587005615234375,
0.9980316162109375,
0.0,
0.0,
0.0,
0.0,
1.0,
0.0,
856.55,
-236.15,
0.0,
1.0
]
}
}
]
},
{
"I": 43,
"DU": 1,
"E": [
{
"SI": {
"SN": "mom face become srs",
"IN": "",
"ST": "G",
"FF": 13,
"LP": "LP",
"TRP": {
"x": 42.0,
"y": 45.1
},
"M3D": [
-0.9980316162109375,
0.0587005615234375,
0.0,
0.0,
0.0587005615234375,
0.9980316162109375,
0.0,
0.0,
0.0,
0.0,
1.0,
0.0,
856.55,
-236.15,
0.0,
1.0
]
}
}
]
},
{
"I": 44,
"DU": 1,
"E": [
{
"SI": {
"SN": "mom face become srs",
"IN": "",
"ST": "G",
"FF": 14,
"LP": "LP",
"TRP": {
"x": 42.0,
"y": 45.1
},
"M3D": [
-0.9980316162109375,
0.0587005615234375,
0.0,
0.0,
0.0587005615234375,
0.9980316162109375,
0.0,
0.0,
0.0,
0.0,
1.0,
0.0,
856.55,
-236.15,
0.0,
1.0
]
}
}
]
},
{
"I": 45,
"DU": 1,
"E": [
{
"SI": {
"SN": "mom face become srs",
"IN": "",
"ST": "G",
"FF": 15,
"LP": "LP",
"TRP": {
"x": 42.0,
"y": 45.1
},
"M3D": [
-0.9980316162109375,
0.0587005615234375,
0.0,
0.0,
0.0587005615234375,
0.9980316162109375,
0.0,
0.0,
0.0,
0.0,
1.0,
0.0,
856.55,
-236.15,
0.0,
1.0
]
}
}
]
},
{
"I": 46,
"DU": 1,
"E": [
{
"SI": {
"SN": "mom face become srs",
"IN": "",
"ST": "G",
"FF": 16,
"LP": "LP",
"TRP": {
"x": 42.0,
"y": 45.1
},
"M3D": [
-0.9980316162109375,
0.0587005615234375,
0.0,
0.0,
0.0587005615234375,
0.9980316162109375,
0.0,
0.0,
0.0,
0.0,
1.0,
0.0,
856.55,
-236.15,
0.0,
1.0
]
}
}
]
},
{
"I": 47,
"DU": 1,
"E": [
{
"SI": {
"SN": "mom face become srs",
"IN": "",
"ST": "G",
"FF": 17,
"LP": "LP",
"TRP": {
"x": 42.0,
"y": 45.1
},
"M3D": [
-0.9980316162109375,
0.0587005615234375,
0.0,
0.0,
0.0587005615234375,
0.9980316162109375,
0.0,
0.0,
0.0,
0.0,
1.0,
0.0,
856.55,
-236.15,
0.0,
1.0
]
}
}
]
},
{
"I": 48,
"DU": 1,
"E": [
{
"SI": {
"SN": "mom face become srs",
"IN": "",
"ST": "G",
"FF": 18,
"LP": "LP",
"TRP": {
"x": 42.0,
"y": 45.1
},
"M3D": [
-0.9980316162109375,
0.0587005615234375,
0.0,
0.0,
0.0587005615234375,
0.9980316162109375,
0.0,
0.0,
0.0,
0.0,
1.0,
0.0,
856.55,
-236.15,
0.0,
1.0
]
}
}
]
},
{
"I": 49,
"DU": 1,
"E": [
{
"SI": {
"SN": "mom face become srs",
"IN": "",
"ST": "G",
"FF": 19,
"LP": "LP",
"TRP": {
"x": 42.0,
"y": 45.1
},
"M3D": [
-0.9980316162109375,
0.0587005615234375,
0.0,
0.0,
0.0587005615234375,
0.9980316162109375,
0.0,
0.0,
0.0,
0.0,
1.0,
0.0,
856.55,
-236.15,
0.0,
1.0
]
}
}
]
},
{
"I": 50,
"DU": 1,
"E": [
{
"SI": {
"SN": "mom face become srs",
"IN": "",
"ST": "G",
"FF": 20,
"LP": "LP",
"TRP": {
"x": 42.0,
"y": 45.1
},
"M3D": [
-0.9980316162109375,
0.0587005615234375,
0.0,
0.0,
0.0587005615234375,
0.9980316162109375,
0.0,
0.0,
0.0,
0.0,
1.0,
0.0,
856.55,
-236.15,
0.0,
1.0
]
}
}
]
},
{
"I": 51,
"DU": 1,
"E": [
{
"SI": {
"SN": "mom face become srs",
"IN": "",
"ST": "G",
"FF": 21,
"LP": "LP",
"TRP": {
"x": 42.0,
"y": 45.1
},
"M3D": [
-0.9980316162109375,
0.0587005615234375,
0.0,
0.0,
0.0587005615234375,
0.9980316162109375,
0.0,
0.0,
0.0,
0.0,
1.0,
0.0,
856.55,
-236.15,
0.0,
1.0
]
}
}
]
},
{
"I": 52,
"DU": 1,
"E": [
{
"SI": {
"SN": "mom face become srs",
"IN": "",
"ST": "G",
"FF": 22,
"LP": "LP",
"TRP": {
"x": 42.0,
"y": 45.1
},
"M3D": [
-0.9980316162109375,
0.0587005615234375,
0.0,
0.0,
0.0587005615234375,
0.9980316162109375,
0.0,
0.0,
0.0,
0.0,
1.0,
0.0,
856.55,
-236.15,
0.0,
1.0
]
}
}
]
},
{
"I": 53,
"DU": 1,
"E": [
{
"SI": {
"SN": "mom face become srs",
"IN": "",
"ST": "G",
"FF": 23,
"LP": "LP",
"TRP": {
"x": 42.0,
"y": 45.1
},
"M3D": [
-0.9980316162109375,
0.0587005615234375,
0.0,
0.0,
0.0587005615234375,
0.9980316162109375,
0.0,
0.0,
0.0,
0.0,
1.0,
0.0,
856.55,
-236.15,
0.0,
1.0
]
}
}
]
},
{
"I": 54,
"DU": 1,
"E": [
{
"SI": {
"SN": "mom face become srs",
"IN": "",
"ST": "G",
"FF": 24,
"LP": "LP",
"TRP": {
"x": 42.0,
"y": 45.1
},
"M3D": [
-0.9980316162109375,
0.0587005615234375,
0.0,
0.0,
0.0587005615234375,
0.9980316162109375,
0.0,
0.0,
0.0,
0.0,
1.0,
0.0,
856.55,
-236.15,
0.0,
1.0
]
}
}
]
},
{
"I": 55,
"DU": 1,
"E": [
{
"SI": {
"SN": "mom face become srs",
"IN": "",
"ST": "G",
"FF": 25,
"LP": "LP",
"TRP": {
"x": 42.0,
"y": 45.1
},
"M3D": [
-0.9980316162109375,
0.0587005615234375,
0.0,
0.0,
0.0587005615234375,
0.9980316162109375,
0.0,
0.0,
0.0,
0.0,
1.0,
0.0,
856.55,
-236.15,
0.0,
1.0
]
}
}
]
},
{
"I": 56,
"DU": 1,
"E": [
{
"SI": {
"SN": "mom face become srs",
"IN": "",
"ST": "G",
"FF": 26,
"LP": "LP",
"TRP": {
"x": 42.0,
"y": 45.1
},
"M3D": [
-0.9980316162109375,
0.0587005615234375,
0.0,
0.0,
0.0587005615234375,
0.9980316162109375,
0.0,
0.0,
0.0,
0.0,
1.0,
0.0,
856.55,
-236.15,
0.0,
1.0
]
}
}
]
},
{
"I": 57,
"DU": 1,
"E": [
{
"SI": {
"SN": "mom face become srs",
"IN": "",
"ST": "G",
"FF": 27,
"LP": "LP",
"TRP": {
"x": 42.0,
"y": 45.1
},
"M3D": [
-0.9980316162109375,
0.0587005615234375,
0.0,
0.0,
0.0587005615234375,
0.9980316162109375,
0.0,
0.0,
0.0,
0.0,
1.0,
0.0,
856.55,
-236.15,
0.0,
1.0
]
}
}
]
},
{
"I": 58,
"DU": 1,
"E": [
{
"SI": {
"SN": "mom face become srs",
"IN": "",
"ST": "G",
"FF": 28,
"LP": "LP",
"TRP": {
"x": 42.0,
"y": 45.1
},
"M3D": [
-0.9980316162109375,
0.0587005615234375,
0.0,
0.0,
0.0587005615234375,
0.9980316162109375,
0.0,
0.0,
0.0,
0.0,
1.0,
0.0,
856.55,
-236.15,
0.0,
1.0
]
}
}
]
},
{
"I": 59,
"DU": 1,
"E": [
{
"SI": {
"SN": "mom face become srs",
"IN": "",
"ST": "G",
"FF": 29,
"LP": "LP",
"TRP": {
"x": 42.0,
"y": 45.1
},
"M3D": [
-0.9980316162109375,
0.0587005615234375,
0.0,
0.0,
0.0587005615234375,
0.9980316162109375,
0.0,
0.0,
0.0,
0.0,
1.0,
0.0,
856.55,
-236.15,
0.0,
1.0
]
}
}
]
},
{
"I": 60,
"DU": 1,
"E": [
{
"SI": {
"SN": "mom face become srs",
"IN": "",
"ST": "G",
"FF": 30,
"LP": "LP",
"TRP": {
"x": 42.0,
"y": 45.1
},
"M3D": [
-0.9980316162109375,
0.0587005615234375,
0.0,
0.0,
0.0587005615234375,
0.9980316162109375,
0.0,
0.0,
0.0,
0.0,
1.0,
0.0,
856.55,
-236.15,
0.0,
1.0
]
}
}
]
},
{
"I": 61,
"DU": 1,
"E": [
{
"SI": {
"SN": "mom face become srs",
"IN": "",
"ST": "G",
"FF": 31,
"LP": "LP",
"TRP": {
"x": 42.0,
"y": 45.1
},
"M3D": [
-0.9980316162109375,
0.0587005615234375,
0.0,
0.0,
0.0587005615234375,
0.9980316162109375,
0.0,
0.0,
0.0,
0.0,
1.0,
0.0,
856.55,
-236.15,
0.0,
1.0
]
}
}
]
},
{
"I": 62,
"DU": 1,
"E": [
{
"SI": {
"SN": "mom face become srs",
"IN": "",
"ST": "G",
"FF": 32,
"LP": "LP",
"TRP": {
"x": 42.0,
"y": 45.1
},
"M3D": [
-0.9980316162109375,
0.0587005615234375,
0.0,
0.0,
0.0587005615234375,
0.9980316162109375,
0.0,
0.0,
0.0,
0.0,
1.0,
0.0,
856.55,
-236.15,
0.0,
1.0
]
}
}
]
},
{
"I": 63,
"DU": 1,
"E": [
{
"SI": {
"SN": "mom face become srs",
"IN": "",
"ST": "G",
"FF": 33,
"LP": "LP",
"TRP": {
"x": 42.0,
"y": 45.1
},
"M3D": [
-0.9980316162109375,
0.0587005615234375,
0.0,
0.0,
0.0587005615234375,
0.9980316162109375,
0.0,
0.0,
0.0,
0.0,
1.0,
0.0,
856.55,
-236.15,
0.0,
1.0
]
}
}
]
},
{
"I": 64,
"DU": 1,
"E": [
{
"SI": {
"SN": "mom face become srs",
"IN": "",
"ST": "G",
"FF": 34,
"LP": "LP",
"TRP": {
"x": 42.0,
"y": 45.1
},
"M3D": [
-0.9980316162109375,
0.0587005615234375,
0.0,
0.0,
0.0587005615234375,
0.9980316162109375,
0.0,
0.0,
0.0,
0.0,
1.0,
0.0,
856.55,
-236.15,
0.0,
1.0
]
}
}
]
},
{
"I": 65,
"DU": 1,
"E": [
{
"SI": {
"SN": "mom face become srs",
"IN": "",
"ST": "G",
"FF": 35,
"LP": "LP",
"TRP": {
"x": 42.0,
"y": 45.1
},
"M3D": [
-0.9980316162109375,
0.0587005615234375,
0.0,
0.0,
0.0587005615234375,
0.9980316162109375,
0.0,
0.0,
0.0,
0.0,
1.0,
0.0,
856.55,
-236.15,
0.0,
1.0
]
}
}
]
},
{
"I": 66,
"DU": 1,
"E": [
{
"SI": {
"SN": "mom face become srs",
"IN": "",
"ST": "G",
"FF": 36,
"LP": "LP",
"TRP": {
"x": 42.0,
"y": 45.1
},
"M3D": [
-0.9980316162109375,
0.0587005615234375,
0.0,
0.0,
0.0587005615234375,
0.9980316162109375,
0.0,
0.0,
0.0,
0.0,
1.0,
0.0,
856.55,
-236.15,
0.0,
1.0
]
}
}
]
},
{
"I": 67,
"DU": 1,
"E": [
{
"SI": {
"SN": "mom face become srs",
"IN": "",
"ST": "G",
"FF": 37,
"LP": "LP",
"TRP": {
"x": 42.0,
"y": 45.1
},
"M3D": [
-0.9980316162109375,
0.0587005615234375,
0.0,
0.0,
0.0587005615234375,
0.9980316162109375,
0.0,
0.0,
0.0,
0.0,
1.0,
0.0,
856.55,
-236.15,
0.0,
1.0
]
}
}
]
},
{
"I": 68,
"DU": 1,
"E": [
{
"SI": {
"SN": "mom face become srs",
"IN": "",
"ST": "G",
"FF": 38,
"LP": "LP",
"TRP": {
"x": 42.0,
"y": 45.1
},
"M3D": [
-0.9980316162109375,
0.0587005615234375,
0.0,
0.0,
0.0587005615234375,
0.9980316162109375,
0.0,
0.0,
0.0,
0.0,
1.0,
0.0,
856.55,
-236.15,
0.0,
1.0
]
}
}
]
},
{
"I": 69,
"DU": 1,
"E": [
{
"SI": {
"SN": "mom face become srs",
"IN": "",
"ST": "G",
"FF": 39,
"LP": "LP",
"TRP": {
"x": 42.0,
"y": 45.1
},
"M3D": [
-0.9980316162109375,
0.0587005615234375,
0.0,
0.0,
0.0587005615234375,
0.9980316162109375,
0.0,
0.0,
0.0,
0.0,
1.0,
0.0,
856.55,
-236.15,
0.0,
1.0
]
}
}
]
},
{
"I": 70,
"DU": 1,
"E": [
{
"SI": {
"SN": "mom face become srs",
"IN": "",
"ST": "G",
"FF": 40,
"LP": "LP",
"TRP": {
"x": 42.0,
"y": 45.1
},
"M3D": [
-0.9980316162109375,
0.0587005615234375,
0.0,
0.0,
0.0587005615234375,
0.9980316162109375,
0.0,
0.0,
0.0,
0.0,
1.0,
0.0,
856.55,
-236.15,
0.0,
1.0
]
}
}
]
},
{
"I": 71,
"DU": 1,
"E": [
{
"SI": {
"SN": "mom face become srs",
"IN": "",
"ST": "G",
"FF": 41,
"LP": "LP",
"TRP": {
"x": 42.0,
"y": 45.1
},
"M3D": [
-0.9980316162109375,
0.0587005615234375,
0.0,
0.0,
0.0587005615234375,
0.9980316162109375,
0.0,
0.0,
0.0,
0.0,
1.0,
0.0,
856.55,
-236.15,
0.0,
1.0
]
}
}
]
},
{
"I": 72,
"DU": 1,
"E": [
{
"SI": {
"SN": "mom face become srs",
"IN": "",
"ST": "G",
"FF": 42,
"LP": "LP",
"TRP": {
"x": 42.0,
"y": 45.1
},
"M3D": [
-0.9980316162109375,
0.0587005615234375,
0.0,
0.0,
0.0587005615234375,
0.9980316162109375,
0.0,
0.0,
0.0,
0.0,
1.0,
0.0,
856.55,
-236.15,
0.0,
1.0
]
}
}
]
},
{
"I": 73,
"DU": 1,
"E": [
{
"SI": {
"SN": "mom face become srs",
"IN": "",
"ST": "G",
"FF": 43,
"LP": "LP",
"TRP": {
"x": 42.0,
"y": 45.1
},
"M3D": [
-0.9980316162109375,
0.0587005615234375,
0.0,
0.0,
0.0587005615234375,
0.9980316162109375,
0.0,
0.0,
0.0,
0.0,
1.0,
0.0,
856.55,
-236.15,
0.0,
1.0
]
}
}
]
},
{
"I": 74,
"DU": 1,
"E": [
{
"SI": {
"SN": "mom face become srs",
"IN": "",
"ST": "G",
"FF": 44,
"LP": "LP",
"TRP": {
"x": 42.0,
"y": 45.1
},
"M3D": [
-0.9980316162109375,
0.0587005615234375,
0.0,
0.0,
0.0587005615234375,
0.9980316162109375,
0.0,
0.0,
0.0,
0.0,
1.0,
0.0,
856.55,
-236.15,
0.0,
1.0
]
}
}
]
},
{
"I": 75,
"DU": 1,
"E": [
{
"SI": {
"SN": "mom face become srs",
"IN": "",
"ST": "G",
"FF": 45,
"LP": "LP",
"TRP": {
"x": 42.0,
"y": 45.1
},
"M3D": [
-0.9980316162109375,
0.0587005615234375,
0.0,
0.0,
0.0587005615234375,
0.9980316162109375,
0.0,
0.0,
0.0,
0.0,
1.0,
0.0,
856.55,
-236.15,
0.0,
1.0
]
}
}
]
},
{
"I": 76,
"DU": 1,
"E": [
{
"SI": {
"SN": "mom face become srs",
"IN": "",
"ST": "G",
"FF": 46,
"LP": "LP",
"TRP": {
"x": 42.0,
"y": 45.1
},
"M3D": [
-0.9980316162109375,
0.0587005615234375,
0.0,
0.0,
0.0587005615234375,
0.9980316162109375,
0.0,
0.0,
0.0,
0.0,
1.0,
0.0,
856.55,
-236.15,
0.0,
1.0
]
}
}
]
},
{
"I": 77,
"DU": 1,
"E": [
{
"SI": {
"SN": "mom face become srs",
"IN": "",
"ST": "G",
"FF": 47,
"LP": "LP",
"TRP": {
"x": 42.0,
"y": 45.1
},
"M3D": [
-0.9980316162109375,
0.0587005615234375,
0.0,
0.0,
0.0587005615234375,
0.9980316162109375,
0.0,
0.0,
0.0,
0.0,
1.0,
0.0,
856.55,
-236.15,
0.0,
1.0
]
}
}
]
},
{
"I": 78,
"DU": 1,
"E": [
{
"SI": {
"SN": "mom face become srs",
"IN": "",
"ST": "G",
"FF": 48,
"LP": "LP",
"TRP": {
"x": 42.0,
"y": 45.1
},
"M3D": [
-0.9980316162109375,
0.0587005615234375,
0.0,
0.0,
0.0587005615234375,
0.9980316162109375,
0.0,
0.0,
0.0,
0.0,
1.0,
0.0,
856.55,
-236.15,
0.0,
1.0
]
}
}
]
},
{
"I": 79,
"DU": 1,
"E": [
{
"SI": {
"SN": "mom face become srs",
"IN": "",
"ST": "G",
"FF": 49,
"LP": "LP",
"TRP": {
"x": 42.0,
"y": 45.1
},
"M3D": [
-0.9980316162109375,
0.0587005615234375,
0.0,
0.0,
0.0587005615234375,
0.9980316162109375,
0.0,
0.0,
0.0,
0.0,
1.0,
0.0,
856.55,
-236.15,
0.0,
1.0
]
}
}
]
},
{
"I": 80,
"DU": 1,
"E": [
{
"SI": {
"SN": "mom face become srs",
"IN": "",
"ST": "G",
"FF": 50,
"LP": "LP",
"TRP": {
"x": 42.0,
"y": 45.1
},
"M3D": [
-0.9980316162109375,
0.0587005615234375,
0.0,
0.0,
0.0587005615234375,
0.9980316162109375,
0.0,
0.0,
0.0,
0.0,
1.0,
0.0,
856.55,
-236.15,
0.0,
1.0
]
}
}
]
},
{
"I": 81,
"DU": 1,
"E": [
{
"SI": {
"SN": "mom face become srs",
"IN": "",
"ST": "G",
"FF": 51,
"LP": "LP",
"TRP": {
"x": 42.0,
"y": 45.1
},
"M3D": [
-0.9980316162109375,
0.0587005615234375,
0.0,
0.0,
0.0587005615234375,
0.9980316162109375,
0.0,
0.0,
0.0,
0.0,
1.0,
0.0,
856.55,
-236.15,
0.0,
1.0
]
}
}
]
},
{
"I": 82,
"DU": 1,
"E": [
{
"SI": {
"SN": "mom face become srs",
"IN": "",
"ST": "G",
"FF": 52,
"LP": "LP",
"TRP": {
"x": 42.0,
"y": 45.1
},
"M3D": [
-0.9980316162109375,
0.0587005615234375,
0.0,
0.0,
0.0587005615234375,
0.9980316162109375,
0.0,
0.0,
0.0,
0.0,
1.0,
0.0,
856.55,
-236.15,
0.0,
1.0
]
}
}
]
},
{
"I": 83,
"DU": 1,
"E": [
{
"SI": {
"SN": "mom face become srs",
"IN": "",
"ST": "G",
"FF": 53,
"LP": "LP",
"TRP": {
"x": 42.0,
"y": 45.1
},
"M3D": [
-0.9980316162109375,
0.0587005615234375,
0.0,
0.0,
0.0587005615234375,
0.9980316162109375,
0.0,
0.0,
0.0,
0.0,
1.0,
0.0,
856.55,
-236.15,
0.0,
1.0
]
}
}
]
},
{
"I": 84,
"DU": 1,
"E": [
{
"SI": {
"SN": "mom face become srs",
"IN": "",
"ST": "G",
"FF": 54,
"LP": "LP",
"TRP": {
"x": 42.0,
"y": 45.1
},
"M3D": [
-0.9980316162109375,
0.0587005615234375,
0.0,
0.0,
0.0587005615234375,
0.9980316162109375,
0.0,
0.0,
0.0,
0.0,
1.0,
0.0,
856.55,
-236.15,
0.0,
1.0
]
}
}
]
},
{
"I": 85,
"DU": 1,
"E": [
{
"SI": {
"SN": "mom face become srs",
"IN": "",
"ST": "G",
"FF": 55,
"LP": "LP",
"TRP": {
"x": 42.0,
"y": 45.1
},
"M3D": [
-0.9980316162109375,
0.0587005615234375,
0.0,
0.0,
0.0587005615234375,
0.9980316162109375,
0.0,
0.0,
0.0,
0.0,
1.0,
0.0,
856.55,
-236.15,
0.0,
1.0
]
}
}
]
},
{
"I": 86,
"DU": 1,
"E": [
{
"SI": {
"SN": "mom face become srs",
"IN": "",
"ST": "G",
"FF": 56,
"LP": "LP",
"TRP": {
"x": 42.0,
"y": 45.1
},
"M3D": [
-0.9980316162109375,
0.0587005615234375,
0.0,
0.0,
0.0587005615234375,
0.9980316162109375,
0.0,
0.0,
0.0,
0.0,
1.0,
0.0,
856.55,
-236.15,
0.0,
1.0
]
}
}
]
},
{
"I": 87,
"DU": 1,
"E": [
{
"SI": {
"SN": "mom face become srs",
"IN": "",
"ST": "G",
"FF": 57,
"LP": "LP",
"TRP": {
"x": 42.0,
"y": 45.1
},
"M3D": [
-0.9980316162109375,
0.0587005615234375,
0.0,
0.0,
0.0587005615234375,
0.9980316162109375,
0.0,
0.0,
0.0,
0.0,
1.0,
0.0,
856.55,
-236.15,
0.0,
1.0
]
}
}
]
},
{
"I": 88,
"DU": 1,
"E": [
{
"SI": {
"SN": "mom face become srs",
"IN": "",
"ST": "G",
"FF": 58,
"LP": "LP",
"TRP": {
"x": 42.0,
"y": 45.1
},
"M3D": [
-0.9980316162109375,
0.0587005615234375,
0.0,
0.0,
0.0587005615234375,
0.9980316162109375,
0.0,
0.0,
0.0,
0.0,
1.0,
0.0,
856.55,
-236.15,
0.0,
1.0
]
}
}
]
},
{
"I": 89,
"DU": 1,
"E": [
{
"SI": {
"SN": "mom face become srs",
"IN": "",
"ST": "G",
"FF": 59,
"LP": "LP",
"TRP": {
"x": 42.0,
"y": 45.1
},
"M3D": [
-0.9980316162109375,
0.0587005615234375,
0.0,
0.0,
0.0587005615234375,
0.9980316162109375,
0.0,
0.0,
0.0,
0.0,
1.0,
0.0,
856.55,
-236.15,
0.0,
1.0
]
}
}
]
},
{
"I": 90,
"DU": 1,
"E": [
{
"SI": {
"SN": "mom face become srs",
"IN": "",
"ST": "G",
"FF": 60,
"LP": "LP",
"TRP": {
"x": 42.0,
"y": 45.1
},
"M3D": [
-0.9980316162109375,
0.0587005615234375,
0.0,
0.0,
0.0587005615234375,
0.9980316162109375,
0.0,
0.0,
0.0,
0.0,
1.0,
0.0,
856.55,
-236.15,
0.0,
1.0
]
}
}
]
},
{
"I": 91,
"DU": 1,
"E": [
{
"SI": {
"SN": "mom face become srs",
"IN": "",
"ST": "G",
"FF": 61,
"LP": "LP",
"TRP": {
"x": 42.0,
"y": 45.1
},
"M3D": [
-0.9980316162109375,
0.0587005615234375,
0.0,
0.0,
0.0587005615234375,
0.9980316162109375,
0.0,
0.0,
0.0,
0.0,
1.0,
0.0,
856.55,
-236.15,
0.0,
1.0
]
}
}
]
},
{
"I": 92,
"DU": 1,
"E": [
{
"SI": {
"SN": "mom face become srs",
"IN": "",
"ST": "G",
"FF": 62,
"LP": "LP",
"TRP": {
"x": 42.0,
"y": 45.1
},
"M3D": [
-0.9980316162109375,
0.0587005615234375,
0.0,
0.0,
0.0587005615234375,
0.9980316162109375,
0.0,
0.0,
0.0,
0.0,
1.0,
0.0,
856.55,
-236.15,
0.0,
1.0
]
}
}
]
},
{
"I": 93,
"DU": 1,
"E": [
{
"SI": {
"SN": "mom face become srs",
"IN": "",
"ST": "G",
"FF": 63,
"LP": "LP",
"TRP": {
"x": 42.0,
"y": 45.1
},
"M3D": [
-0.9980316162109375,
0.0587005615234375,
0.0,
0.0,
0.0587005615234375,
0.9980316162109375,
0.0,
0.0,
0.0,
0.0,
1.0,
0.0,
856.55,
-236.15,
0.0,
1.0
]
}
}
]
},
{
"I": 94,
"DU": 1,
"E": [
{
"SI": {
"SN": "mom face become srs",
"IN": "",
"ST": "G",
"FF": 64,
"LP": "LP",
"TRP": {
"x": 42.0,
"y": 45.1
},
"M3D": [
-0.9980316162109375,
0.0587005615234375,
0.0,
0.0,
0.0587005615234375,
0.9980316162109375,
0.0,
0.0,
0.0,
0.0,
1.0,
0.0,
856.55,
-236.15,
0.0,
1.0
]
}
}
]
},
{
"I": 95,
"DU": 1,
"E": [
{
"SI": {
"SN": "mom face become srs",
"IN": "",
"ST": "G",
"FF": 65,
"LP": "LP",
"TRP": {
"x": 42.0,
"y": 45.1
},
"M3D": [
-0.9980316162109375,
0.0587005615234375,
0.0,
0.0,
0.0587005615234375,
0.9980316162109375,
0.0,
0.0,
0.0,
0.0,
1.0,
0.0,
856.55,
-236.15,
0.0,
1.0
]
}
}
]
},
{
"I": 96,
"DU": 1,
"E": [
{
"SI": {
"SN": "mom face become srs",
"IN": "",
"ST": "G",
"FF": 66,
"LP": "LP",
"TRP": {
"x": 42.0,
"y": 45.1
},
"M3D": [
-0.9980316162109375,
0.0587005615234375,
0.0,
0.0,
0.0587005615234375,
0.9980316162109375,
0.0,
0.0,
0.0,
0.0,
1.0,
0.0,
856.55,
-236.15,
0.0,
1.0
]
}
}
]
},
{
"I": 97,
"DU": 1,
"E": [
{
"SI": {
"SN": "mom face become srs",
"IN": "",
"ST": "G",
"FF": 67,
"LP": "LP",
"TRP": {
"x": 42.0,
"y": 45.1
},
"M3D": [
-0.9980316162109375,
0.0587005615234375,
0.0,
0.0,
0.0587005615234375,
0.9980316162109375,
0.0,
0.0,
0.0,
0.0,
1.0,
0.0,
856.55,
-236.15,
0.0,
1.0
]
}
}
]
},
{
"I": 98,
"DU": 1,
"E": [
{
"SI": {
"SN": "mom face become srs",
"IN": "",
"ST": "G",
"FF": 68,
"LP": "LP",
"TRP": {
"x": 42.0,
"y": 45.1
},
"M3D": [
-0.9980316162109375,
0.0587005615234375,
0.0,
0.0,
0.0587005615234375,
0.9980316162109375,
0.0,
0.0,
0.0,
0.0,
1.0,
0.0,
856.55,
-236.15,
0.0,
1.0
]
}
}
]
},
{
"I": 99,
"DU": 1,
"E": [
{
"SI": {
"SN": "mom face become srs",
"IN": "",
"ST": "G",
"FF": 69,
"LP": "LP",
"TRP": {
"x": 42.0,
"y": 45.1
},
"M3D": [
-0.9980316162109375,
0.0587005615234375,
0.0,
0.0,
0.0587005615234375,
0.9980316162109375,
0.0,
0.0,
0.0,
0.0,
1.0,
0.0,
856.55,
-236.15,
0.0,
1.0
]
}
}
]
},
{
"I": 100,
"DU": 1,
"E": [
{
"SI": {
"SN": "mom face become srs",
"IN": "",
"ST": "G",
"FF": 70,
"LP": "LP",
"TRP": {
"x": 42.0,
"y": 45.1
},
"M3D": [
-0.9980316162109375,
0.0587005615234375,
0.0,
0.0,
0.0587005615234375,
0.9980316162109375,
0.0,
0.0,
0.0,
0.0,
1.0,
0.0,
856.55,
-236.15,
0.0,
1.0
]
}
}
]
},
{
"I": 101,
"DU": 1,
"E": [
{
"SI": {
"SN": "mom face become srs",
"IN": "",
"ST": "G",
"FF": 71,
"LP": "LP",
"TRP": {
"x": 42.0,
"y": 45.1
},
"M3D": [
-0.9980316162109375,
0.0587005615234375,
0.0,
0.0,
0.0587005615234375,
0.9980316162109375,
0.0,
0.0,
0.0,
0.0,
1.0,
0.0,
856.55,
-236.15,
0.0,
1.0
]
}
}
]
},
{
"I": 102,
"DU": 1,
"E": [
{
"SI": {
"SN": "mom face become srs",
"IN": "",
"ST": "G",
"FF": 72,
"LP": "LP",
"TRP": {
"x": 42.0,
"y": 45.1
},
"M3D": [
-0.9980316162109375,
0.0587005615234375,
0.0,
0.0,
0.0587005615234375,
0.9980316162109375,
0.0,
0.0,
0.0,
0.0,
1.0,
0.0,
856.55,
-236.15,
0.0,
1.0
]
}
}
]
},
{
"I": 103,
"DU": 1,
"E": [
{
"SI": {
"SN": "mom face become srs",
"IN": "",
"ST": "G",
"FF": 73,
"LP": "LP",
"TRP": {
"x": 42.0,
"y": 45.1
},
"M3D": [
-0.9980316162109375,
0.0587005615234375,
0.0,
0.0,
0.0587005615234375,
0.9980316162109375,
0.0,
0.0,
0.0,
0.0,
1.0,
0.0,
856.55,
-236.15,
0.0,
1.0
]
}
}
]
},
{
"I": 104,
"DU": 1,
"E": [
{
"SI": {
"SN": "mom face become srs",
"IN": "",
"ST": "G",
"FF": 74,
"LP": "LP",
"TRP": {
"x": 42.0,
"y": 45.1
},
"M3D": [
-0.9980316162109375,
0.0587005615234375,
0.0,
0.0,
0.0587005615234375,
0.9980316162109375,
0.0,
0.0,
0.0,
0.0,
1.0,
0.0,
856.55,
-236.15,
0.0,
1.0
]
}
}
]
},
{
"I": 105,
"DU": 1,
"E": [
{
"SI": {
"SN": "mom face become srs",
"IN": "",
"ST": "G",
"FF": 75,
"LP": "LP",
"TRP": {
"x": 42.0,
"y": 45.1
},
"M3D": [
-0.9980316162109375,
0.0587005615234375,
0.0,
0.0,
0.0587005615234375,
0.9980316162109375,
0.0,
0.0,
0.0,
0.0,
1.0,
0.0,
856.55,
-236.15,
0.0,
1.0
]
}
}
]
},
{
"I": 106,
"DU": 1,
"E": [
{
"SI": {
"SN": "mom face become srs",
"IN": "",
"ST": "G",
"FF": 76,
"LP": "LP",
"TRP": {
"x": 42.0,
"y": 45.1
},
"M3D": [
-0.9980316162109375,
0.0587005615234375,
0.0,
0.0,
0.0587005615234375,
0.9980316162109375,
0.0,
0.0,
0.0,
0.0,
1.0,
0.0,
856.55,
-236.15,
0.0,
1.0
]
}
}
]
},
{
"I": 107,
"DU": 1,
"E": [
{
"SI": {
"SN": "mom face become srs",
"IN": "",
"ST": "G",
"FF": 77,
"LP": "LP",
"TRP": {
"x": 42.0,
"y": 45.1
},
"M3D": [
-0.9980316162109375,
0.0587005615234375,
0.0,
0.0,
0.0587005615234375,
0.9980316162109375,
0.0,
0.0,
0.0,
0.0,
1.0,
0.0,
856.55,
-236.15,
0.0,
1.0
]
}
}
]
},
{
"I": 108,
"DU": 1,
"E": [
{
"SI": {
"SN": "mom face become srs",
"IN": "",
"ST": "G",
"FF": 78,
"LP": "LP",
"TRP": {
"x": 42.0,
"y": 45.1
},
"M3D": [
-0.9980316162109375,
0.0587005615234375,
0.0,
0.0,
0.0587005615234375,
0.9980316162109375,
0.0,
0.0,
0.0,
0.0,
1.0,
0.0,
856.55,
-236.15,
0.0,
1.0
]
}
}
]
},
{
"I": 109,
"DU": 1,
"E": [
{
"SI": {
"SN": "mom face become srs",
"IN": "",
"ST": "G",
"FF": 79,
"LP": "LP",
"TRP": {
"x": 42.0,
"y": 45.1
},
"M3D": [
-0.9980316162109375,
0.0587005615234375,
0.0,
0.0,
0.0587005615234375,
0.9980316162109375,
0.0,
0.0,
0.0,
0.0,
1.0,
0.0,
856.55,
-236.15,
0.0,
1.0
]
}
}
]
},
{
"I": 110,
"DU": 1,
"E": [
{
"SI": {
"SN": "mom face become srs",
"IN": "",
"ST": "G",
"FF": 80,
"LP": "LP",
"TRP": {
"x": 42.0,
"y": 45.1
},
"M3D": [
-0.9980316162109375,
0.0587005615234375,
0.0,
0.0,
0.0587005615234375,
0.9980316162109375,
0.0,
0.0,
0.0,
0.0,
1.0,
0.0,
856.55,
-236.15,
0.0,
1.0
]
}
}
]
},
{
"I": 111,
"DU": 1,
"E": [
{
"SI": {
"SN": "mom face become srs",
"IN": "",
"ST": "G",
"FF": 81,
"LP": "LP",
"TRP": {
"x": 42.0,
"y": 45.1
},
"M3D": [
-0.9980316162109375,
0.0587005615234375,
0.0,
0.0,
0.0587005615234375,
0.9980316162109375,
0.0,
0.0,
0.0,
0.0,
1.0,
0.0,
856.55,
-236.15,
0.0,
1.0
]
}
}
]
},
{
"I": 112,
"DU": 1,
"E": [
{
"SI": {
"SN": "mom face become srs",
"IN": "",
"ST": "G",
"FF": 82,
"LP": "LP",
"TRP": {
"x": 42.0,
"y": 45.1
},
"M3D": [
-0.9980316162109375,
0.0587005615234375,
0.0,
0.0,
0.0587005615234375,
0.9980316162109375,
0.0,
0.0,
0.0,
0.0,
1.0,
0.0,
856.55,
-236.15,
0.0,
1.0
]
}
}
]
},
{
"I": 113,
"DU": 1,
"E": [
{
"SI": {
"SN": "mom face become srs",
"IN": "",
"ST": "G",
"FF": 83,
"LP": "LP",
"TRP": {
"x": 42.0,
"y": 45.1
},
"M3D": [
-0.9980316162109375,
0.0587005615234375,
0.0,
0.0,
0.0587005615234375,
0.9980316162109375,
0.0,
0.0,
0.0,
0.0,
1.0,
0.0,
856.55,
-236.15,
0.0,
1.0
]
}
}
]
},
{
"I": 114,
"DU": 1,
"E": [
{
"SI": {
"SN": "mom face become srs",
"IN": "",
"ST": "G",
"FF": 84,
"LP": "LP",
"TRP": {
"x": 42.0,
"y": 45.1
},
"M3D": [
-0.9980316162109375,
0.0587005615234375,
0.0,
0.0,
0.0587005615234375,
0.9980316162109375,
0.0,
0.0,
0.0,
0.0,
1.0,
0.0,
856.55,
-236.15,
0.0,
1.0
]
}
}
]
},
{
"I": 115,
"DU": 1,
"E": [
{
"SI": {
"SN": "mom face become srs",
"IN": "",
"ST": "G",
"FF": 85,
"LP": "LP",
"TRP": {
"x": 42.0,
"y": 45.1
},
"M3D": [
-0.9980316162109375,
0.0587005615234375,
0.0,
0.0,
0.0587005615234375,
0.9980316162109375,
0.0,
0.0,
0.0,
0.0,
1.0,
0.0,
856.55,
-236.15,
0.0,
1.0
]
}
}
]
},
{
"I": 116,
"DU": 1,
"E": [
{
"SI": {
"SN": "mom face become srs",
"IN": "",
"ST": "G",
"FF": 86,
"LP": "LP",
"TRP": {
"x": 42.0,
"y": 45.1
},
"M3D": [
-0.9980316162109375,
0.0587005615234375,
0.0,
0.0,
0.0587005615234375,
0.9980316162109375,
0.0,
0.0,
0.0,
0.0,
1.0,
0.0,
856.55,
-236.15,
0.0,
1.0
]
}
}
]
},
{
"I": 117,
"DU": 1,
"E": [
{
"SI": {
"SN": "mom face become srs",
"IN": "",
"ST": "G",
"FF": 87,
"LP": "LP",
"TRP": {
"x": 42.0,
"y": 45.1
},
"M3D": [
-0.9980316162109375,
0.0587005615234375,
0.0,
0.0,
0.0587005615234375,
0.9980316162109375,
0.0,
0.0,
0.0,
0.0,
1.0,
0.0,
856.55,
-236.15,
0.0,
1.0
]
}
}
]
},
{
"I": 118,
"DU": 1,
"E": [
{
"SI": {
"SN": "mom face become srs",
"IN": "",
"ST": "G",
"FF": 88,
"LP": "LP",
"TRP": {
"x": 42.0,
"y": 45.1
},
"M3D": [
-0.9980316162109375,
0.0587005615234375,
0.0,
0.0,
0.0587005615234375,
0.9980316162109375,
0.0,
0.0,
0.0,
0.0,
1.0,
0.0,
856.55,
-236.15,
0.0,
1.0
]
}
}
]
},
{
"I": 119,
"DU": 1,
"E": [
{
"SI": {
"SN": "mom face become srs",
"IN": "",
"ST": "G",
"FF": 89,
"LP": "LP",
"TRP": {
"x": 42.0,
"y": 45.1
},
"M3D": [
-0.9980316162109375,
0.0587005615234375,
0.0,
0.0,
0.0587005615234375,
0.9980316162109375,
0.0,
0.0,
0.0,
0.0,
1.0,
0.0,
856.55,
-236.15,
0.0,
1.0
]
}
}
]
},
{
"I": 120,
"DU": 1,
"E": [
{
"SI": {
"SN": "mom face become srs",
"IN": "",
"ST": "G",
"FF": 90,
"LP": "LP",
"TRP": {
"x": 42.0,
"y": 45.1
},
"M3D": [
-0.9980316162109375,
0.0587005615234375,
0.0,
0.0,
0.0587005615234375,
0.9980316162109375,
0.0,
0.0,
0.0,
0.0,
1.0,
0.0,
856.55,
-236.15,
0.0,
1.0
]
}
}
]
},
{
"I": 121,
"DU": 1,
"E": [
{
"SI": {
"SN": "mom face become srs",
"IN": "",
"ST": "G",
"FF": 91,
"LP": "LP",
"TRP": {
"x": 42.0,
"y": 45.1
},
"M3D": [
-0.9980316162109375,
0.0587005615234375,
0.0,
0.0,
0.0587005615234375,
0.9980316162109375,
0.0,
0.0,
0.0,
0.0,
1.0,
0.0,
856.55,
-236.15,
0.0,
1.0
]
}
}
]
},
{
"I": 122,
"DU": 1,
"E": [
{
"SI": {
"SN": "mom face become srs",
"IN": "",
"ST": "G",
"FF": 92,
"LP": "LP",
"TRP": {
"x": 42.0,
"y": 45.1
},
"M3D": [
-0.9980316162109375,
0.0587005615234375,
0.0,
0.0,
0.0587005615234375,
0.9980316162109375,
0.0,
0.0,
0.0,
0.0,
1.0,
0.0,
856.55,
-236.15,
0.0,
1.0
]
}
}
]
},
{
"I": 123,
"DU": 1,
"E": [
{
"SI": {
"SN": "mom face become srs",
"IN": "",
"ST": "G",
"FF": 93,
"LP": "LP",
"TRP": {
"x": 42.0,
"y": 45.1
},
"M3D": [
-0.9980316162109375,
0.0587005615234375,
0.0,
0.0,
0.0587005615234375,
0.9980316162109375,
0.0,
0.0,
0.0,
0.0,
1.0,
0.0,
856.55,
-236.15,
0.0,
1.0
]
}
}
]
},
{
"I": 124,
"DU": 1,
"E": [
{
"SI": {
"SN": "mom face become srs",
"IN": "",
"ST": "G",
"FF": 94,
"LP": "LP",
"TRP": {
"x": 42.0,
"y": 45.1
},
"M3D": [
-0.9980316162109375,
0.0587005615234375,
0.0,
0.0,
0.0587005615234375,
0.9980316162109375,
0.0,
0.0,
0.0,
0.0,
1.0,
0.0,
856.55,
-236.15,
0.0,
1.0
]
}
}
]
},
{
"I": 125,
"DU": 1,
"E": [
{
"SI": {
"SN": "mom face become srs",
"IN": "",
"ST": "G",
"FF": 95,
"LP": "LP",
"TRP": {
"x": 42.0,
"y": 45.1
},
"M3D": [
-0.9980316162109375,
0.0587005615234375,
0.0,
0.0,
0.0587005615234375,
0.9980316162109375,
0.0,
0.0,
0.0,
0.0,
1.0,
0.0,
856.55,
-236.15,
0.0,
1.0
]
}
}
]
},
{
"I": 126,
"DU": 1,
"E": [
{
"SI": {
"SN": "mom face become srs",
"IN": "",
"ST": "G",
"FF": 96,
"LP": "LP",
"TRP": {
"x": 42.0,
"y": 45.1
},
"M3D": [
-0.9980316162109375,
0.0587005615234375,
0.0,
0.0,
0.0587005615234375,
0.9980316162109375,
0.0,
0.0,
0.0,
0.0,
1.0,
0.0,
856.55,
-236.15,
0.0,
1.0
]
}
}
]
},
{
"I": 127,
"DU": 1,
"E": [
{
"SI": {
"SN": "mom face become srs",
"IN": "",
"ST": "G",
"FF": 97,
"LP": "LP",
"TRP": {
"x": 42.0,
"y": 45.1
},
"M3D": [
-0.9980316162109375,
0.0587005615234375,
0.0,
0.0,
0.0587005615234375,
0.9980316162109375,
0.0,
0.0,
0.0,
0.0,
1.0,
0.0,
856.55,
-236.15,
0.0,
1.0
]
}
}
]
},
{
"I": 128,
"DU": 1,
"E": [
{
"SI": {
"SN": "mom face become srs",
"IN": "",
"ST": "G",
"FF": 98,
"LP": "LP",
"TRP": {
"x": 42.0,
"y": 45.1
},
"M3D": [
-0.9980316162109375,
0.0587005615234375,
0.0,
0.0,
0.0587005615234375,
0.9980316162109375,
0.0,
0.0,
0.0,
0.0,
1.0,
0.0,
856.55,
-236.15,
0.0,
1.0
]
}
}
]
},
{
"I": 129,
"DU": 1,
"E": [
{
"SI": {
"SN": "mom face become srs",
"IN": "",
"ST": "G",
"FF": 99,
"LP": "LP",
"TRP": {
"x": 42.0,
"y": 45.1
},
"M3D": [
-0.9980316162109375,
0.0587005615234375,
0.0,
0.0,
0.0587005615234375,
0.9980316162109375,
0.0,
0.0,
0.0,
0.0,
1.0,
0.0,
856.55,
-236.15,
0.0,
1.0
]
}
}
]
},
{
"I": 130,
"DU": 1,
"E": [
{
"SI": {
"SN": "mom face become srs",
"IN": "",
"ST": "G",
"FF": 100,
"LP": "LP",
"TRP": {
"x": 42.0,
"y": 45.1
},
"M3D": [
-0.9980316162109375,
0.0587005615234375,
0.0,
0.0,
0.0587005615234375,
0.9980316162109375,
0.0,
0.0,
0.0,
0.0,
1.0,
0.0,
856.55,
-236.15,
0.0,
1.0
]
}
}
]
},
{
"I": 131,
"DU": 1,
"E": [
{
"SI": {
"SN": "mom face become srs",
"IN": "",
"ST": "G",
"FF": 101,
"LP": "LP",
"TRP": {
"x": 42.0,
"y": 45.1
},
"M3D": [
-0.9980316162109375,
0.0587005615234375,
0.0,
0.0,
0.0587005615234375,
0.9980316162109375,
0.0,
0.0,
0.0,
0.0,
1.0,
0.0,
856.55,
-236.15,
0.0,
1.0
]
}
}
]
},
{
"I": 132,
"DU": 1,
"E": [
{
"SI": {
"SN": "mom face become srs",
"IN": "",
"ST": "G",
"FF": 102,
"LP": "LP",
"TRP": {
"x": 42.0,
"y": 45.1
},
"M3D": [
-0.9980316162109375,
0.0587005615234375,
0.0,
0.0,
0.0587005615234375,
0.9980316162109375,
0.0,
0.0,
0.0,
0.0,
1.0,
0.0,
856.55,
-236.15,
0.0,
1.0
]
}
}
]
},
{
"I": 133,
"DU": 1,
"E": [
{
"SI": {
"SN": "mom face become srs",
"IN": "",
"ST": "G",
"FF": 103,
"LP": "LP",
"TRP": {
"x": 42.0,
"y": 45.1
},
"M3D": [
-0.9980316162109375,
0.0587005615234375,
0.0,
0.0,
0.0587005615234375,
0.9980316162109375,
0.0,
0.0,
0.0,
0.0,
1.0,
0.0,
856.55,
-236.15,
0.0,
1.0
]
}
}
]
},
{
"I": 134,
"DU": 1,
"E": [
{
"SI": {
"SN": "mom face become srs",
"IN": "",
"ST": "G",
"FF": 104,
"LP": "LP",
"TRP": {
"x": 42.0,
"y": 45.1
},
"M3D": [
-0.9980316162109375,
0.0587005615234375,
0.0,
0.0,
0.0587005615234375,
0.9980316162109375,
0.0,
0.0,
0.0,
0.0,
1.0,
0.0,
856.55,
-236.15,
0.0,
1.0
]
}
}
]
},
{
"I": 135,
"DU": 1,
"E": [
{
"SI": {
"SN": "mom face become srs",
"IN": "",
"ST": "G",
"FF": 105,
"LP": "LP",
"TRP": {
"x": 42.0,
"y": 45.1
},
"M3D": [
-0.9980316162109375,
0.0587005615234375,
0.0,
0.0,
0.0587005615234375,
0.9980316162109375,
0.0,
0.0,
0.0,
0.0,
1.0,
0.0,
856.55,
-236.15,
0.0,
1.0
]
}
}
]
},
{
"I": 136,
"DU": 1,
"E": [
{
"SI": {
"SN": "mom face become srs",
"IN": "",
"ST": "G",
"FF": 106,
"LP": "LP",
"TRP": {
"x": 42.0,
"y": 45.1
},
"M3D": [
-0.9980316162109375,
0.0587005615234375,
0.0,
0.0,
0.0587005615234375,
0.9980316162109375,
0.0,
0.0,
0.0,
0.0,
1.0,
0.0,
856.55,
-236.15,
0.0,
1.0
]
}
}
]
},
{
"I": 137,
"DU": 1,
"E": [
{
"SI": {
"SN": "mom face become srs",
"IN": "",
"ST": "G",
"FF": 107,
"LP": "LP",
"TRP": {
"x": 42.0,
"y": 45.1
},
"M3D": [
-0.9980316162109375,
0.0587005615234375,
0.0,
0.0,
0.0587005615234375,
0.9980316162109375,
0.0,
0.0,
0.0,
0.0,
1.0,
0.0,
856.55,
-236.15,
0.0,
1.0
]
}
}
]
},
{
"I": 138,
"DU": 1,
"E": [
{
"SI": {
"SN": "mom face become srs",
"IN": "",
"ST": "G",
"FF": 108,
"LP": "LP",
"TRP": {
"x": 42.0,
"y": 45.1
},
"M3D": [
-0.9980316162109375,
0.0587005615234375,
0.0,
0.0,
0.0587005615234375,
0.9980316162109375,
0.0,
0.0,
0.0,
0.0,
1.0,
0.0,
856.55,
-236.15,
0.0,
1.0
]
}
}
]
},
{
"I": 139,
"DU": 1,
"E": [
{
"SI": {
"SN": "mom face become srs",
"IN": "",
"ST": "G",
"FF": 109,
"LP": "LP",
"TRP": {
"x": 42.0,
"y": 45.1
},
"M3D": [
-0.9980316162109375,
0.0587005615234375,
0.0,
0.0,
0.0587005615234375,
0.9980316162109375,
0.0,
0.0,
0.0,
0.0,
1.0,
0.0,
856.55,
-236.15,
0.0,
1.0
]
}
}
]
},
{
"I": 140,
"DU": 1,
"E": [
{
"SI": {
"SN": "mom face become srs",
"IN": "",
"ST": "G",
"FF": 110,
"LP": "LP",
"TRP": {
"x": 42.0,
"y": 45.1
},
"M3D": [
-0.9980316162109375,
0.0587005615234375,
0.0,
0.0,
0.0587005615234375,
0.9980316162109375,
0.0,
0.0,
0.0,
0.0,
1.0,
0.0,
856.55,
-236.15,
0.0,
1.0
]
}
}
]
},
{
"I": 141,
"DU": 1,
"E": [
{
"SI": {
"SN": "mom face become srs",
"IN": "",
"ST": "G",
"FF": 111,
"LP": "LP",
"TRP": {
"x": 42.0,
"y": 45.1
},
"M3D": [
-0.9980316162109375,
0.0587005615234375,
0.0,
0.0,
0.0587005615234375,
0.9980316162109375,
0.0,
0.0,
0.0,
0.0,
1.0,
0.0,
856.55,
-236.15,
0.0,
1.0
]
}
}
]
},
{
"I": 142,
"DU": 1,
"E": [
{
"SI": {
"SN": "mom face become srs",
"IN": "",
"ST": "G",
"FF": 112,
"LP": "LP",
"TRP": {
"x": 42.0,
"y": 45.1
},
"M3D": [
-0.9980316162109375,
0.0587005615234375,
0.0,
0.0,
0.0587005615234375,
0.9980316162109375,
0.0,
0.0,
0.0,
0.0,
1.0,
0.0,
856.55,
-236.15,
0.0,
1.0
]
}
}
]
},
{
"I": 143,
"DU": 1,
"E": [
{
"SI": {
"SN": "mom face become srs",
"IN": "",
"ST": "G",
"FF": 113,
"LP": "LP",
"TRP": {
"x": 42.0,
"y": 45.1
},
"M3D": [
-0.9980316162109375,
0.0587005615234375,
0.0,
0.0,
0.0587005615234375,
0.9980316162109375,
0.0,
0.0,
0.0,
0.0,
1.0,
0.0,
856.55,
-236.15,
0.0,
1.0
]
}
}
]
},
{
"I": 144,
"DU": 1,
"E": [
{
"SI": {
"SN": "mom face become srs",
"IN": "",
"ST": "G",
"FF": 114,
"LP": "LP",
"TRP": {
"x": 42.0,
"y": 45.1
},
"M3D": [
-0.9980316162109375,
0.0587005615234375,
0.0,
0.0,
0.0587005615234375,
0.9980316162109375,
0.0,
0.0,
0.0,
0.0,
1.0,
0.0,
856.55,
-236.15,
0.0,
1.0
]
}
}
]
},
{
"I": 145,
"DU": 1,
"E": [
{
"SI": {
"SN": "mom face become srs",
"IN": "",
"ST": "G",
"FF": 115,
"LP": "LP",
"TRP": {
"x": 42.0,
"y": 45.1
},
"M3D": [
-0.9980316162109375,
0.0587005615234375,
0.0,
0.0,
0.0587005615234375,
0.9980316162109375,
0.0,
0.0,
0.0,
0.0,
1.0,
0.0,
856.55,
-236.15,
0.0,
1.0
]
}
}
]
},
{
"I": 146,
"DU": 1,
"E": [
{
"SI": {
"SN": "mom face become srs",
"IN": "",
"ST": "G",
"FF": 116,
"LP": "LP",
"TRP": {
"x": 42.0,
"y": 45.1
},
"M3D": [
-0.9980316162109375,
0.0587005615234375,
0.0,
0.0,
0.0587005615234375,
0.9980316162109375,
0.0,
0.0,
0.0,
0.0,
1.0,
0.0,
856.55,
-236.15,
0.0,
1.0
]
}
}
]
},
{
"I": 147,
"DU": 1,
"E": [
{
"SI": {
"SN": "mom face become srs",
"IN": "",
"ST": "G",
"FF": 117,
"LP": "LP",
"TRP": {
"x": 42.0,
"y": 45.1
},
"M3D": [
-0.9980316162109375,
0.0587005615234375,
0.0,
0.0,
0.0587005615234375,
0.9980316162109375,
0.0,
0.0,
0.0,
0.0,
1.0,
0.0,
856.55,
-236.15,
0.0,
1.0
]
}
}
]
},
{
"I": 148,
"DU": 1,
"E": [
{
"SI": {
"SN": "mom face become srs",
"IN": "",
"ST": "G",
"FF": 118,
"LP": "LP",
"TRP": {
"x": 42.0,
"y": 45.1
},
"M3D": [
-0.9980316162109375,
0.0587005615234375,
0.0,
0.0,
0.0587005615234375,
0.9980316162109375,
0.0,
0.0,
0.0,
0.0,
1.0,
0.0,
856.55,
-236.15,
0.0,
1.0
]
}
}
]
},
{
"I": 149,
"DU": 1,
"E": [
{
"SI": {
"SN": "mom face become srs",
"IN": "",
"ST": "G",
"FF": 119,
"LP": "LP",
"TRP": {
"x": 42.0,
"y": 45.1
},
"M3D": [
-0.9980316162109375,
0.0587005615234375,
0.0,
0.0,
0.0587005615234375,
0.9980316162109375,
0.0,
0.0,
0.0,
0.0,
1.0,
0.0,
856.55,
-236.15,
0.0,
1.0
]
}
}
]
},
{
"I": 150,
"DU": 1,
"E": [
{
"SI": {
"SN": "mom face become srs",
"IN": "",
"ST": "G",
"FF": 120,
"LP": "LP",
"TRP": {
"x": 42.0,
"y": 45.1
},
"M3D": [
-0.9980316162109375,
0.0587005615234375,
0.0,
0.0,
0.0587005615234375,
0.9980316162109375,
0.0,
0.0,
0.0,
0.0,
1.0,
0.0,
856.55,
-236.15,
0.0,
1.0
]
}
}
]
},
{
"I": 151,
"DU": 1,
"E": [
{
"SI": {
"SN": "mom face become srs",
"IN": "",
"ST": "G",
"FF": 121,
"LP": "LP",
"TRP": {
"x": 42.0,
"y": 45.1
},
"M3D": [
-0.9980316162109375,
0.0587005615234375,
0.0,
0.0,
0.0587005615234375,
0.9980316162109375,
0.0,
0.0,
0.0,
0.0,
1.0,
0.0,
856.55,
-236.15,
0.0,
1.0
]
}
}
]
},
{
"I": 152,
"DU": 1,
"E": [
{
"SI": {
"SN": "mom face become srs",
"IN": "",
"ST": "G",
"FF": 122,
"LP": "LP",
"TRP": {
"x": 42.0,
"y": 45.1
},
"M3D": [
-0.9980316162109375,
0.0587005615234375,
0.0,
0.0,
0.0587005615234375,
0.9980316162109375,
0.0,
0.0,
0.0,
0.0,
1.0,
0.0,
856.55,
-236.15,
0.0,
1.0
]
}
}
]
},
{
"I": 153,
"DU": 1,
"E": [
{
"SI": {
"SN": "mom face become srs",
"IN": "",
"ST": "G",
"FF": 123,
"LP": "LP",
"TRP": {
"x": 42.0,
"y": 45.1
},
"M3D": [
-0.9980316162109375,
0.0587005615234375,
0.0,
0.0,
0.0587005615234375,
0.9980316162109375,
0.0,
0.0,
0.0,
0.0,
1.0,
0.0,
856.55,
-236.15,
0.0,
1.0
]
}
}
]
},
{
"I": 154,
"DU": 1,
"E": [
{
"SI": {
"SN": "mom face become srs",
"IN": "",
"ST": "G",
"FF": 124,
"LP": "LP",
"TRP": {
"x": 42.0,
"y": 45.1
},
"M3D": [
-0.9980316162109375,
0.0587005615234375,
0.0,
0.0,
0.0587005615234375,
0.9980316162109375,
0.0,
0.0,
0.0,
0.0,
1.0,
0.0,
856.55,
-236.15,
0.0,
1.0
]
}
}
]
},
{
"I": 155,
"DU": 1,
"E": [
{
"SI": {
"SN": "mom face become srs",
"IN": "",
"ST": "G",
"FF": 125,
"LP": "LP",
"TRP": {
"x": 42.0,
"y": 45.1
},
"M3D": [
-0.9980316162109375,
0.0587005615234375,
0.0,
0.0,
0.0587005615234375,
0.9980316162109375,
0.0,
0.0,
0.0,
0.0,
1.0,
0.0,
856.55,
-236.15,
0.0,
1.0
]
}
}
]
},
{
"I": 156,
"DU": 1,
"E": [
{
"SI": {
"SN": "mom face become srs",
"IN": "",
"ST": "G",
"FF": 126,
"LP": "LP",
"TRP": {
"x": 42.0,
"y": 45.1
},
"M3D": [
-0.9980316162109375,
0.0587005615234375,
0.0,
0.0,
0.0587005615234375,
0.9980316162109375,
0.0,
0.0,
0.0,
0.0,
1.0,
0.0,
856.55,
-236.15,
0.0,
1.0
]
}
}
]
},
{
"I": 157,
"DU": 1,
"E": [
{
"SI": {
"SN": "mom face become srs",
"IN": "",
"ST": "G",
"FF": 127,
"LP": "LP",
"TRP": {
"x": 42.0,
"y": 45.1
},
"M3D": [
-0.9980316162109375,
0.0587005615234375,
0.0,
0.0,
0.0587005615234375,
0.9980316162109375,
0.0,
0.0,
0.0,
0.0,
1.0,
0.0,
856.55,
-236.15,
0.0,
1.0
]
}
}
]
},
{
"I": 158,
"DU": 1,
"E": [
{
"SI": {
"SN": "mom face become srs",
"IN": "",
"ST": "G",
"FF": 128,
"LP": "LP",
"TRP": {
"x": 42.0,
"y": 45.1
},
"M3D": [
-0.9980316162109375,
0.0587005615234375,
0.0,
0.0,
0.0587005615234375,
