{
"AN": {
"N": "tankman_fnf_lip_sync_back_ta_dave",
"STI": {
"SI": {
"SN": "TANK TALK 2",
"IN": "",
"ST": "G",
"FF": 0,
"LP": "PO",
"TRP": {
"x": 0.0,
"y": 0.0
},
"M3D": [
1.0,
0.0,
0.0,
0.0,
0.0,
1.0,
0.0,
0.0,
0.0,
0.0,
1.0,
0.0,
640.0,
360.0,
0.0,
1.0
]
}
},
"SN": "TANK TALK 2",
"TL": {
"L": [
{
"LN": "head",
"FR": [
{
"I": 0,
"DU": 1,
"E": [
{
"SI": {
"SN": "Pretty Tight Bars Head",
"IN": "",
"ST": "G",
"FF": 0,
"LP": "PO",
"TRP": {
"x": -212.8,
"y": -3.2
},
"M3D": [
1.0,
0.0,
0.0,
0.0,
0.0,
1.0,
0.0,
0.0,
0.0,
0.0,
1.0,
0.0,
0.0,
0.0,
0.0,
1.0
]
}
}
]
},
{
"I": 1,
"DU": 1,
"E": [
{
"SI": {
"SN": "Pretty Tight Bars Head",
"IN": "",
"ST": "G",
"FF": 1,
"LP": "PO",
"TRP": {
"x": -212.8,
"y": -3.2
},
"M3D": [
1.0,
0.0,
0.0,
0.0,
0.0,
1.0,
0.0,
0.0,
0.0,
0.0,
1.0,
0.0,
0.0,
0.0,
0.0,
1.0
]
}
}
]
},
{
"I": 2,
"DU": 1,
"E": [
{
"SI": {
"SN": "Pretty Tight Bars Head",
"IN": "",
"ST": "G",
"FF": 2,
"LP": "PO",
"TRP": {
"x": -212.8,
"y": -3.2
},
"M3D": [
1.0,
0.0,
0.0,
0.0,
0.0,
1.0,
0.0,
0.0,
0.0,
0.0,
1.0,
0.0,
0.0,
0.0,
0.0,
1.0
]
}
}
]
},
{
"I": 3,
"DU": 1,
"E": [
{
"SI": {
"SN": "Pretty Tight Bars Head",
"IN": "",
"ST": "G",
"FF": 3,
"LP": "PO",
"TRP": {
"x": -212.8,
"y": -3.2
},
"M3D": [
1.0,
0.0,
0.0,
0.0,
0.0,
1.0,
0.0,
0.0,
0.0,
0.0,
1.0,
0.0,
0.0,
0.0,
0.0,
1.0
]
}
}
]
},
{
"I": 4,
"DU": 1,
"E": [
{
"SI": {
"SN": "Pretty Tight Bars Head",
"IN": "",
"ST": "G",
"FF": 4,
"LP": "PO",
"TRP": {
"x": -212.8,
"y": -3.2
},
"M3D": [
1.0,
0.0,
0.0,
0.0,
0.0,
1.0,
0.0,
0.0,
0.0,
0.0,
1.0,
0.0,
0.0,
0.0,
0.0,
1.0
]
}
}
]
},
{
"I": 5,
"DU": 1,
"E": [
{
"SI": {
"SN": "Pretty Tight Bars Head",
"IN": "",
"ST": "G",
"FF": 5,
"LP": "PO",
"TRP": {
"x": -212.8,
"y": -3.2
},
"M3D": [
1.0,
0.0,
0.0,
0.0,
0.0,
1.0,
0.0,
0.0,
0.0,
0.0,
1.0,
0.0,
0.0,
0.0,
0.0,
1.0
]
}
}
]
},
{
"I": 6,
"DU": 1,
"E": [
{
"SI": {
"SN": "Pretty Tight Bars Head",
"IN": "",
"ST": "G",
"FF": 6,
"LP": "PO",
"TRP": {
"x": -212.8,
"y": -3.2
},
"M3D": [
1.0,
0.0,
0.0,
0.0,
0.0,
1.0,
0.0,
0.0,
0.0,
0.0,
1.0,
0.0,
0.0,
0.0,
0.0,
1.0
]
}
}
]
},
{
"I": 7,
"DU": 1,
"E": [
{
"SI": {
"SN": "Pretty Tight Bars Head",
"IN": "",
"ST": "G",
"FF": 7,
"LP": "PO",
"TRP": {
"x": -212.8,
"y": -3.2
},
"M3D": [
1.0,
0.0,
0.0,
0.0,
0.0,
1.0,
0.0,
0.0,
0.0,
0.0,
1.0,
0.0,
0.0,
0.0,
0.0,
1.0
]
}
}
]
},
{
"I": 8,
"DU": 1,
"E": [
{
"SI": {
"SN": "Pretty Tight Bars Head",
"IN": "",
"ST": "G",
"FF": 8,
"LP": "PO",
"TRP": {
"x": -212.8,
"y": -3.2
},
"M3D": [
1.0,
0.0,
0.0,
0.0,
0.0,
1.0,
0.0,
0.0,
0.0,
0.0,
1.0,
0.0,
0.0,
0.0,
0.0,
1.0
]
}
}
]
},
{
"I": 9,
"DU": 1,
"E": [
{
"SI": {
"SN": "Pretty Tight Bars Head",
"IN": "",
"ST": "G",
"FF": 9,
"LP": "PO",
"TRP": {
"x": -212.8,
"y": -3.2
},
"M3D": [
1.0,
0.0,
0.0,
0.0,
0.0,
1.0,
0.0,
0.0,
0.0,
0.0,
1.0,
0.0,
0.0,
0.0,
0.0,
1.0
]
}
}
]
},
{
"I": 10,
"DU": 1,
"E": [
{
"SI": {
"SN": "Pretty Tight Bars Head",
"IN": "",
"ST": "G",
"FF": 10,
"LP": "PO",
"TRP": {
"x": -212.8,
"y": -3.2
},
"M3D": [
1.0,
0.0,
0.0,
0.0,
0.0,
1.0,
0.0,
0.0,
0.0,
0.0,
1.0,
0.0,
0.0,
0.0,
0.0,
1.0
]
}
}
]
},
{
"I": 11,
"DU": 1,
"E": [
{
"SI": {
"SN": "Pretty Tight Bars Head",
"IN": "",
"ST": "G",
"FF": 11,
"LP": "PO",
"TRP": {
"x": -212.70000000000003,
"y": -3.15
},
"M3D": [
1.0191650390625,
0.0316162109375,
0.0,
0.0,
-0.030670166015625,
0.9886322021484375,
0.0,
0.0,
0.0,
0.0,
1.0,
0.0,
3.95,
8.3,
0.0,
1.0
]
}
}
]
},
{
"I": 12,
"DU": 1,
"E": [
{
"SI": {
"SN": "Pretty Tight Bars Head",
"IN": "",
"ST": "G",
"FF": 12,
"LP": "PO",
"TRP": {
"x": -212.7,
"y": -3.15
},
"M3D": [
1.0191650390625,
0.0316162109375,
0.0,
0.0,
-0.030670166015625,
0.9886322021484375,
0.0,
0.0,
0.0,
0.0,
1.0,
0.0,
3.95,
8.3,
0.0,
1.0
]
}
}
]
},
{
"I": 13,
"DU": 1,
"E": [
{
"SI": {
"SN": "Pretty Tight Bars Head",
"IN": "",
"ST": "G",
"FF": 13,
"LP": "PO",
"TRP": {
"x": -216.75,
"y": -4.75
},
"M3D": [
0.9986572265625,
-0.0483551025390625,
0.0,
0.0,
0.0483551025390625,
0.9986572265625,
0.0,
0.0,
0.0,
0.0,
1.0,
0.0,
-0.1,
-14.55,
0.0,
1.0
]
}
}
]
},
{
"I": 14,
"DU": 1,
"E": [
{
"SI": {
"SN": "Pretty Tight Bars Head",
"IN": "",
"ST": "G",
"FF": 14,
"LP": "PO",
"TRP": {
"x": -216.75,
"y": -4.75
},
"M3D": [
0.9986572265625,
-0.0483551025390625,
0.0,
0.0,
0.0483551025390625,
0.9986572265625,
0.0,
0.0,
0.0,
0.0,
1.0,
0.0,
-0.1,
-14.55,
0.0,
1.0
]
}
}
]
},
{
"I": 15,
"DU": 1,
"E": [
{
"SI": {
"SN": "Pretty Tight Bars Head",
"IN": "",
"ST": "G",
"FF": 15,
"LP": "PO",
"TRP": {
"x": -216.75,
"y": -4.75
},
"M3D": [
0.9986572265625,
-0.0483551025390625,
0.0,
0.0,
0.0483551025390625,
0.9986572265625,
0.0,
0.0,
0.0,
0.0,
1.0,
0.0,
-0.1,
-14.55,
0.0,
1.0
]
}
}
]
},
{
"I": 16,
"DU": 1,
"E": [
{
"SI": {
"SN": "Pretty Tight Bars Head",
"IN": "",
"ST": "G",
"FF": 16,
"LP": "PO",
"TRP": {
"x": -216.75,
"y": -4.75
},
"M3D": [
0.9986572265625,
-0.0483551025390625,
0.0,
0.0,
0.0483551025390625,
0.9986572265625,
0.0,
0.0,
0.0,
0.0,
1.0,
0.0,
-0.1,
-14.55,
0.0,
1.0
]
}
}
]
},
{
"I": 17,
"DU": 1,
"E": [
{
"SI": {
"SN": "Pretty Tight Bars Head",
"IN": "",
"ST": "G",
"FF": 17,
"LP": "PO",
"TRP": {
"x": -216.75,
"y": -4.75
},
"M3D": [
0.9986572265625,
-0.0483551025390625,
0.0,
0.0,
0.0483551025390625,
0.9986572265625,
0.0,
0.0,
0.0,
0.0,
1.0,
0.0,
-0.1,
-14.55,
0.0,
1.0
]
}
}
]
},
{
"I": 18,
"DU": 1,
"E": [
{
"SI": {
"SN": "Pretty Tight Bars Head",
"IN": "",
"ST": "G",
"FF": 18,
"LP": "PO",
"TRP": {
"x": -216.75,
"y": -4.75
},
"M3D": [
0.9986572265625,
-0.0483551025390625,
0.0,
0.0,
0.0483551025390625,
0.9986572265625,
0.0,
0.0,
0.0,
0.0,
1.0,
0.0,
-0.1,
-14.55,
0.0,
1.0
]
}
}
]
},
{
"I": 19,
"DU": 1,
"E": [
{
"SI": {
"SN": "Pretty Tight Bars Head",
"IN": "",
"ST": "G",
"FF": 19,
"LP": "PO",
"TRP": {
"x": -216.75,
"y": -4.75
},
"M3D": [
0.9986572265625,
-0.0483551025390625,
0.0,
0.0,
0.0483551025390625,
0.9986572265625,
0.0,
0.0,
0.0,
0.0,
1.0,
0.0,
-0.1,
-14.55,
0.0,
1.0
]
}
}
]
},
{
"I": 20,
"DU": 1,
"E": [
{
"SI": {
"SN": "Pretty Tight Bars Head",
"IN": "",
"ST": "G",
"FF": 20,
"LP": "PO",
"TRP": {
"x": -216.75,
"y": -4.75
},
"M3D": [
0.9986572265625,
-0.0483551025390625,
0.0,
0.0,
0.0483551025390625,
0.9986572265625,
0.0,
0.0,
0.0,
0.0,
1.0,
0.0,
-0.1,
-14.55,
0.0,
1.0
]
}
}
]
},
{
"I": 21,
"DU": 1,
"E": [
{
"SI": {
"SN": "Pretty Tight Bars Head",
"IN": "",
"ST": "G",
"FF": 21,
"LP": "PO",
"TRP": {
"x": -216.75,
"y": -4.75
},
"M3D": [
0.9986572265625,
-0.0483551025390625,
0.0,
0.0,
0.0483551025390625,
0.9986572265625,
0.0,
0.0,
0.0,
0.0,
1.0,
0.0,
-0.1,
-14.55,
0.0,
1.0
]
}
}
]
},
{
"I": 22,
"DU": 1,
"E": [
{
"SI": {
"SN": "Pretty Tight Bars Head",
"IN": "",
"ST": "G",
"FF": 22,
"LP": "PO",
"TRP": {
"x": -216.75,
"y": -4.75
},
"M3D": [
0.9986572265625,
-0.0483551025390625,
0.0,
0.0,
0.0483551025390625,
0.9986572265625,
0.0,
0.0,
0.0,
0.0,
1.0,
0.0,
-0.1,
-14.55,
0.0,
1.0
]
}
}
]
},
{
"I": 23,
"DU": 1,
"E": [
{
"SI": {
"SN": "Pretty Tight Bars Head",
"IN": "",
"ST": "G",
"FF": 23,
"LP": "PO",
"TRP": {
"x": -216.75,
"y": -4.75
},
"M3D": [
0.9986572265625,
-0.0483551025390625,
0.0,
0.0,
0.0483551025390625,
0.9986572265625,
0.0,
0.0,
0.0,
0.0,
1.0,
0.0,
-0.1,
-14.55,
0.0,
1.0
]
}
}
]
},
{
"I": 24,
"DU": 1,
"E": [
{
"SI": {
"SN": "Pretty Tight Bars Head",
"IN": "",
"ST": "G",
"FF": 24,
"LP": "PO",
"TRP": {
"x": -216.75,
"y": -4.75
},
"M3D": [
0.9986572265625,
-0.0483551025390625,
0.0,
0.0,
0.0483551025390625,
0.9986572265625,
0.0,
0.0,
0.0,
0.0,
1.0,
0.0,
-0.1,
-14.55,
0.0,
1.0
]
}
}
]
},
{
"I": 25,
"DU": 1,
"E": [
{
"SI": {
"SN": "Pretty Tight Bars Head",
"IN": "",
"ST": "G",
"FF": 25,
"LP": "PO",
"TRP": {
"x": -216.75,
"y": -4.75
},
"M3D": [
0.9986572265625,
-0.0483551025390625,
0.0,
0.0,
0.0483551025390625,
0.9986572265625,
0.0,
0.0,
0.0,
0.0,
1.0,
0.0,
-0.1,
-14.55,
0.0,
1.0
]
}
}
]
},
{
"I": 26,
"DU": 1,
"E": [
{
"SI": {
"SN": "Pretty Tight Bars Head",
"IN": "",
"ST": "G",
"FF": 26,
"LP": "PO",
"TRP": {
"x": -216.75,
"y": -4.75
},
"M3D": [
0.9986572265625,
-0.0483551025390625,
0.0,
0.0,
0.0483551025390625,
0.9986572265625,
0.0,
0.0,
0.0,
0.0,
1.0,
0.0,
-0.1,
-14.55,
0.0,
1.0
]
}
}
]
},
{
"I": 27,
"DU": 1,
"E": [
{
"SI": {
"SN": "Pretty Tight Bars Head",
"IN": "",
"ST": "G",
"FF": 27,
"LP": "PO",
"TRP": {
"x": -216.75,
"y": -4.75
},
"M3D": [
0.9986572265625,
-0.0483551025390625,
0.0,
0.0,
0.0483551025390625,
0.9986572265625,
0.0,
0.0,
0.0,
0.0,
1.0,
0.0,
-0.1,
-14.55,
0.0,
1.0
]
}
}
]
},
{
"I": 28,
"DU": 1,
"E": [
{
"SI": {
"SN": "Pretty Tight Bars Head",
"IN": "",
"ST": "G",
"FF": 28,
"LP": "PO",
"TRP": {
"x": -216.75,
"y": -4.75
},
"M3D": [
0.9986572265625,
-0.0483551025390625,
0.0,
0.0,
0.0483551025390625,
0.9986572265625,
0.0,
0.0,
0.0,
0.0,
1.0,
0.0,
-0.1,
-14.55,
0.0,
1.0
]
}
}
]
},
{
"I": 29,
"DU": 1,
"E": [
{
"SI": {
"SN": "Pretty Tight Bars Head",
"IN": "",
"ST": "G",
"FF": 29,
"LP": "PO",
"TRP": {
"x": -216.75,
"y": -4.75
},
"M3D": [
0.9986572265625,
-0.0483551025390625,
0.0,
0.0,
0.0483551025390625,
0.9986572265625,
0.0,
0.0,
0.0,
0.0,
1.0,
0.0,
-0.1,
-14.55,
0.0,
1.0
]
}
}
]
},
{
"I": 30,
"DU": 1,
"E": [
{
"SI": {
"SN": "Pretty Tight Bars Head",
"IN": "",
"ST": "G",
"FF": 30,
"LP": "PO",
"TRP": {
"x": -216.75,
"y": -4.75
},
"M3D": [
0.9986572265625,
-0.0483551025390625,
0.0,
0.0,
0.0483551025390625,
0.9986572265625,
0.0,
0.0,
0.0,
0.0,
1.0,
0.0,
-0.1,
-14.55,
0.0,
1.0
]
}
}
]
},
{
"I": 31,
"DU": 1,
"E": [
{
"SI": {
"SN": "Pretty Tight Bars Head",
"IN": "",
"ST": "G",
"FF": 31,
"LP": "PO",
"TRP": {
"x": -216.75,
"y": -4.75
},
"M3D": [
0.9986572265625,
-0.0483551025390625,
0.0,
0.0,
0.0483551025390625,
0.9986572265625,
0.0,
0.0,
0.0,
0.0,
1.0,
0.0,
-0.1,
-14.55,
0.0,
1.0
]
}
}
]
},
{
"I": 32,
"DU": 1,
"E": [
{
"SI": {
"SN": "Pretty Tight Bars Head",
"IN": "",
"ST": "G",
"FF": 32,
"LP": "PO",
"TRP": {
"x": -216.75,
"y": -4.75
},
"M3D": [
0.9986572265625,
-0.0483551025390625,
0.0,
0.0,
0.0483551025390625,
0.9986572265625,
0.0,
0.0,
0.0,
0.0,
1.0,
0.0,
-0.1,
-14.55,
0.0,
1.0
]
}
}
]
},
{
"I": 33,
"DU": 1,
"E": [
{
"SI": {
"SN": "Pretty Tight Bars Head",
"IN": "",
"ST": "G",
"FF": 33,
"LP": "PO",
"TRP": {
"x": -216.75,
"y": -4.75
},
"M3D": [
0.9986572265625,
-0.0483551025390625,
0.0,
0.0,
0.0483551025390625,
0.9986572265625,
0.0,
0.0,
0.0,
0.0,
1.0,
0.0,
-0.1,
-14.55,
0.0,
1.0
]
}
}
]
},
{
"I": 34,
"DU": 1,
"E": [
{
"SI": {
"SN": "Pretty Tight Bars Head",
"IN": "",
"ST": "G",
"FF": 34,
"LP": "PO",
"TRP": {
"x": -216.75,
"y": -4.75
},
"M3D": [
0.9986572265625,
-0.0483551025390625,
0.0,
0.0,
0.0483551025390625,
0.9986572265625,
0.0,
0.0,
0.0,
0.0,
1.0,
0.0,
-0.1,
-14.55,
0.0,
1.0
]
}
}
]
},
{
"I": 35,
"DU": 1,
"E": [
{
"SI": {
"SN": "Pretty Tight Bars Head",
"IN": "",
"ST": "G",
"FF": 35,
"LP": "PO",
"TRP": {
"x": -216.75,
"y": -4.75
},
"M3D": [
0.9986572265625,
-0.0483551025390625,
0.0,
0.0,
0.0483551025390625,
0.9986572265625,
0.0,
0.0,
0.0,
0.0,
1.0,
0.0,
-0.1,
-14.55,
0.0,
1.0
]
}
}
]
},
{
"I": 36,
"DU": 1,
"E": [
{
"SI": {
"SN": "Pretty Tight Bars Head",
"IN": "",
"ST": "G",
"FF": 36,
"LP": "PO",
"TRP": {
"x": -216.75,
"y": -4.75
},
"M3D": [
0.9986572265625,
-0.0483551025390625,
0.0,
0.0,
0.0483551025390625,
0.9986572265625,
0.0,
0.0,
0.0,
0.0,
1.0,
0.0,
-0.1,
-14.55,
0.0,
1.0
]
}
}
]
},
{
"I": 37,
"DU": 1,
"E": [
{
"SI": {
"SN": "Pretty Tight Bars Head",
"IN": "",
"ST": "G",
"FF": 37,
"LP": "PO",
"TRP": {
"x": -216.75,
"y": -4.75
},
"M3D": [
0.9986572265625,
-0.0483551025390625,
0.0,
0.0,
0.0483551025390625,
0.9986572265625,
0.0,
0.0,
0.0,
0.0,
1.0,
0.0,
-0.1,
-14.55,
0.0,
1.0
]
}
}
]
},
{
"I": 38,
"DU": 1,
"E": [
{
"SI": {
"SN": "Pretty Tight Bars Head",
"IN": "",
"ST": "G",
"FF": 38,
"LP": "PO",
"TRP": {
"x": -216.75,
"y": -4.75
},
"M3D": [
0.9986572265625,
-0.0483551025390625,
0.0,
0.0,
0.0483551025390625,
0.9986572265625,
0.0,
0.0,
0.0,
0.0,
1.0,
0.0,
-0.1,
-14.55,
0.0,
1.0
]
}
}
]
},
{
"I": 39,
"DU": 1,
"E": [
{
"SI": {
"SN": "Pretty Tight Bars Head",
"IN": "",
"ST": "G",
"FF": 39,
"LP": "PO",
"TRP": {
"x": -216.75,
"y": -4.75
},
"M3D": [
0.9986572265625,
-0.0483551025390625,
0.0,
0.0,
0.0483551025390625,
0.9986572265625,
0.0,
0.0,
0.0,
0.0,
1.0,
0.0,
-0.1,
-14.55,
0.0,
1.0
]
}
}
]
},
{
"I": 40,
"DU": 1,
"E": [
{
"SI": {
"SN": "Pretty Tight Bars Head",
"IN": "",
"ST": "G",
"FF": 40,
"LP": "PO",
"TRP": {
"x": -216.75,
"y": -4.75
},
"M3D": [
0.9986572265625,
-0.0483551025390625,
0.0,
0.0,
0.0483551025390625,
0.9986572265625,
0.0,
0.0,
0.0,
0.0,
1.0,
0.0,
-0.1,
-14.55,
0.0,
1.0
]
}
}
]
},
{
"I": 41,
"DU": 1,
"E": [
{
"SI": {
"SN": "Pretty Tight Bars Head",
"IN": "",
"ST": "G",
"FF": 41,
"LP": "PO",
"TRP": {
"x": -216.75,
"y": -4.75
},
"M3D": [
0.9986572265625,
-0.0483551025390625,
0.0,
0.0,
0.0483551025390625,
0.9986572265625,
0.0,
0.0,
0.0,
0.0,
1.0,
0.0,
-0.1,
-14.55,
0.0,
1.0
]
}
}
]
},
{
"I": 42,
"DU": 1,
"E": [
{
"SI": {
"SN": "Pretty Tight Bars Head",
"IN": "",
"ST": "G",
"FF": 42,
"LP": "PO",
"TRP": {
"x": -216.75,
"y": -4.75
},
"M3D": [
0.9986572265625,
-0.0483551025390625,
0.0,
0.0,
0.0483551025390625,
0.9986572265625,
0.0,
0.0,
0.0,
0.0,
1.0,
0.0,
-0.1,
-14.55,
0.0,
1.0
]
}
}
]
},
{
"I": 43,
"DU": 1,
"E": [
{
"SI": {
"SN": "Pretty Tight Bars Head",
"IN": "",
"ST": "G",
"FF": 43,
"LP": "PO",
"TRP": {
"x": -216.75,
"y": -4.75
},
"M3D": [
0.9986572265625,
-0.0483551025390625,
0.0,
0.0,
0.0483551025390625,
0.9986572265625,
0.0,
0.0,
0.0,
0.0,
1.0,
0.0,
-0.1,
-14.55,
0.0,
1.0
]
}
}
]
},
{
"I": 44,
"DU": 1,
"E": [
{
"SI": {
"SN": "Pretty Tight Bars Head",
"IN": "",
"ST": "G",
"FF": 44,
"LP": "PO",
"TRP": {
"x": -216.75,
"y": -4.75
},
"M3D": [
0.9986572265625,
-0.0483551025390625,
0.0,
0.0,
0.0483551025390625,
0.9986572265625,
0.0,
0.0,
0.0,
0.0,
1.0,
0.0,
-0.1,
-14.55,
0.0,
1.0
]
}
}
]
},
{
"I": 45,
"DU": 1,
"E": [
{
"SI": {
"SN": "Pretty Tight Bars Head",
"IN": "",
"ST": "G",
"FF": 45,
"LP": "PO",
"TRP": {
"x": -216.75,
"y": -4.75
},
"M3D": [
0.9986572265625,
-0.0483551025390625,
0.0,
0.0,
0.0483551025390625,
0.9986572265625,
0.0,
0.0,
0.0,
0.0,
1.0,
0.0,
-0.1,
-14.55,
0.0,
1.0
]
}
}
]
},
{
"I": 46,
"DU": 1,
"E": [
{
"SI": {
"SN": "Pretty Tight Bars Head",
"IN": "",
"ST": "G",
"FF": 46,
"LP": "PO",
"TRP": {
"x": -216.75,
"y": -4.75
},
"M3D": [
0.9986572265625,
-0.0483551025390625,
0.0,
0.0,
0.0483551025390625,
0.9986572265625,
0.0,
0.0,
0.0,
0.0,
1.0,
0.0,
-0.1,
-14.55,
0.0,
1.0
]
}
}
]
},
{
"I": 47,
"DU": 1,
"E": [
{
"SI": {
"SN": "Pretty Tight Bars Head",
"IN": "",
"ST": "G",
"FF": 47,
"LP": "PO",
"TRP": {
"x": -216.75,
"y": -4.75
},
"M3D": [
0.9986572265625,
-0.0483551025390625,
0.0,
0.0,
0.0483551025390625,
0.9986572265625,
0.0,
0.0,
0.0,
0.0,
1.0,
0.0,
-0.1,
-14.55,
0.0,
1.0
]
}
}
]
},
{
"I": 48,
"DU": 1,
"E": [
{
"SI": {
"SN": "Pretty Tight Bars Head",
"IN": "",
"ST": "G",
"FF": 48,
"LP": "PO",
"TRP": {
"x": -216.75,
"y": -4.75
},
"M3D": [
0.9986572265625,
-0.0483551025390625,
0.0,
0.0,
0.0483551025390625,
0.9986572265625,
0.0,
0.0,
0.0,
0.0,
1.0,
0.0,
-0.1,
-14.55,
0.0,
1.0
]
}
}
]
},
{
"I": 49,
"DU": 1,
"E": [
{
"SI": {
"SN": "Pretty Tight Bars Head",
"IN": "",
"ST": "G",
"FF": 49,
"LP": "PO",
"TRP": {
"x": -216.75,
"y": -4.75
},
"M3D": [
0.9986572265625,
-0.0483551025390625,
0.0,
0.0,
0.0483551025390625,
0.9986572265625,
0.0,
0.0,
0.0,
0.0,
1.0,
0.0,
-0.1,
-14.55,
0.0,
1.0
]
}
}
]
},
{
"I": 50,
"DU": 1,
"E": [
{
"SI": {
"SN": "Pretty Tight Bars Head",
"IN": "",
"ST": "G",
"FF": 50,
"LP": "PO",
"TRP": {
"x": -216.75,
"y": -4.75
},
"M3D": [
0.9986572265625,
-0.0483551025390625,
0.0,
0.0,
0.0483551025390625,
0.9986572265625,
0.0,
0.0,
0.0,
0.0,
1.0,
0.0,
-0.1,
-14.55,
0.0,
1.0
]
}
}
]
},
{
"I": 51,
"DU": 1,
"E": [
{
"SI": {
"SN": "Pretty Tight Bars Head",
"IN": "",
"ST": "G",
"FF": 51,
"LP": "PO",
"TRP": {
"x": -216.75,
"y": -4.75
},
"M3D": [
0.9986572265625,
-0.0483551025390625,
0.0,
0.0,
0.0483551025390625,
0.9986572265625,
0.0,
0.0,
0.0,
0.0,
1.0,
0.0,
-0.1,
-14.55,
0.0,
1.0
]
}
}
]
},
{
"I": 52,
"DU": 1,
"E": [
{
"SI": {
"SN": "Pretty Tight Bars Head",
"IN": "",
"ST": "G",
"FF": 52,
"LP": "PO",
"TRP": {
"x": -216.75,
"y": -4.75
},
"M3D": [
0.9986572265625,
-0.0483551025390625,
0.0,
0.0,
0.0483551025390625,
0.9986572265625,
0.0,
0.0,
0.0,
0.0,
1.0,
0.0,
-0.1,
-14.55,
0.0,
1.0
]
}
}
]
},
{
"I": 53,
"DU": 1,
"E": [
{
"SI": {
"SN": "Pretty Tight Bars Head",
"IN": "",
"ST": "G",
"FF": 53,
"LP": "PO",
"TRP": {
"x": -216.75,
"y": -4.75
},
"M3D": [
0.9986572265625,
-0.0483551025390625,
0.0,
0.0,
0.0483551025390625,
0.9986572265625,
0.0,
0.0,
0.0,
0.0,
1.0,
0.0,
-0.1,
-14.55,
0.0,
1.0
]
}
}
]
},
{
"I": 54,
"DU": 1,
"E": [
{
"SI": {
"SN": "Pretty Tight Bars Head",
"IN": "",
"ST": "G",
"FF": 54,
"LP": "PO",
"TRP": {
"x": -216.75,
"y": -4.75
},
"M3D": [
0.9986572265625,
-0.0483551025390625,
0.0,
0.0,
0.0483551025390625,
0.9986572265625,
0.0,
0.0,
0.0,
0.0,
1.0,
0.0,
-0.1,
-14.55,
0.0,
1.0
]
}
}
]
},
{
"I": 55,
"DU": 1,
"E": [
{
"SI": {
"SN": "Pretty Tight Bars Head",
"IN": "",
"ST": "G",
"FF": 55,
"LP": "PO",
"TRP": {
"x": -216.75,
"y": -4.75
},
"M3D": [
0.9986572265625,
-0.0483551025390625,
0.0,
0.0,
0.0483551025390625,
0.9986572265625,
0.0,
0.0,
0.0,
0.0,
1.0,
0.0,
-0.1,
-14.55,
0.0,
1.0
]
}
}
]
},
{
"I": 56,
"DU": 1,
"E": [
{
"SI": {
"SN": "Pretty Tight Bars Head",
"IN": "",
"ST": "G",
"FF": 56,
"LP": "PO",
"TRP": {
"x": -216.75,
"y": -4.75
},
"M3D": [
0.9986572265625,
-0.0483551025390625,
0.0,
0.0,
0.0483551025390625,
0.9986572265625,
0.0,
0.0,
0.0,
0.0,
1.0,
0.0,
-0.1,
-14.55,
0.0,
1.0
]
}
}
]
},
{
"I": 57,
"DU": 1,
"E": [
{
"SI": {
"SN": "Pretty Tight Bars Head",
"IN": "",
"ST": "G",
"FF": 57,
"LP": "PO",
"TRP": {
"x": -216.75,
"y": -4.75
},
"M3D": [
0.9986572265625,
-0.0483551025390625,
0.0,
0.0,
0.0483551025390625,
0.9986572265625,
0.0,
0.0,
0.0,
0.0,
1.0,
0.0,
-0.1,
-14.55,
0.0,
1.0
]
}
}
]
},
{
"I": 58,
"DU": 1,
"E": [
{
"SI": {
"SN": "Pretty Tight Bars Head",
"IN": "",
"ST": "G",
"FF": 58,
"LP": "PO",
"TRP": {
"x": -216.75,
"y": -4.75
},
"M3D": [
0.9986572265625,
-0.0483551025390625,
0.0,
0.0,
0.0483551025390625,
0.9986572265625,
0.0,
0.0,
0.0,
0.0,
1.0,
0.0,
-0.1,
-14.55,
0.0,
1.0
]
}
}
]
},
{
"I": 59,
"DU": 1,
"E": [
{
"SI": {
"SN": "Pretty Tight Bars Head",
"IN": "",
"ST": "G",
"FF": 59,
"LP": "PO",
"TRP": {
"x": -216.75,
"y": -4.75
},
"M3D": [
0.9986572265625,
-0.0483551025390625,
0.0,
0.0,
0.0483551025390625,
0.9986572265625,
0.0,
0.0,
0.0,
0.0,
1.0,
0.0,
-0.1,
-14.55,
0.0,
1.0
]
}
}
]
},
{
"I": 60,
"DU": 1,
"E": [
{
"SI": {
"SN": "Pretty Tight Bars Head",
"IN": "",
"ST": "G",
"FF": 60,
"LP": "PO",
"TRP": {
"x": -216.75,
"y": -4.75
},
"M3D": [
0.9986572265625,
-0.0483551025390625,
0.0,
0.0,
0.0483551025390625,
0.9986572265625,
0.0,
0.0,
0.0,
0.0,
1.0,
0.0,
-0.1,
-14.55,
0.0,
1.0
]
}
}
]
},
{
"I": 61,
"DU": 1,
"E": [
{
"SI": {
"SN": "Pretty Tight Bars Head",
"IN": "",
"ST": "G",
"FF": 61,
"LP": "PO",
"TRP": {
"x": -216.75,
"y": -4.75
},
"M3D": [
0.9986572265625,
-0.0483551025390625,
0.0,
0.0,
0.0483551025390625,
0.9986572265625,
0.0,
0.0,
0.0,
0.0,
1.0,
0.0,
-0.1,
-14.55,
0.0,
1.0
]
}
}
]
},
{
"I": 62,
"DU": 1,
"E": [
{
"SI": {
"SN": "Pretty Tight Bars Head",
"IN": "",
"ST": "G",
"FF": 62,
"LP": "PO",
"TRP": {
"x": -216.75,
"y": -4.75
},
"M3D": [
0.9986572265625,
-0.0483551025390625,
0.0,
0.0,
0.0483551025390625,
0.9986572265625,
0.0,
0.0,
0.0,
0.0,
1.0,
0.0,
-0.1,
-14.55,
0.0,
1.0
]
}
}
]
},
{
"I": 63,
"DU": 1,
"E": [
{
"SI": {
"SN": "Pretty Tight Bars Head",
"IN": "",
"ST": "G",
"FF": 63,
"LP": "PO",
"TRP": {
"x": -216.75,
"y": -4.75
},
"M3D": [
0.9986572265625,
-0.0483551025390625,
0.0,
0.0,
0.0483551025390625,
0.9986572265625,
0.0,
0.0,
0.0,
0.0,
1.0,
0.0,
-0.1,
-14.55,
0.0,
1.0
]
}
}
]
},
{
"I": 64,
"DU": 1,
"E": [
{
"SI": {
"SN": "Pretty Tight Bars Head",
"IN": "",
"ST": "G",
"FF": 64,
"LP": "PO",
"TRP": {
"x": -216.75,
"y": -4.75
},
"M3D": [
0.9986572265625,
-0.0483551025390625,
0.0,
0.0,
0.0483551025390625,
0.9986572265625,
0.0,
0.0,
0.0,
0.0,
1.0,
0.0,
-0.1,
-14.55,
0.0,
1.0
]
}
}
]
},
{
"I": 65,
"DU": 1,
"E": [
{
"SI": {
"SN": "Pretty Tight Bars Head",
"IN": "",
"ST": "G",
"FF": 65,
"LP": "PO",
"TRP": {
"x": -216.75,
"y": -4.75
},
"M3D": [
0.9986572265625,
-0.0483551025390625,
0.0,
0.0,
0.0483551025390625,
0.9986572265625,
0.0,
0.0,
0.0,
0.0,
1.0,
0.0,
-0.1,
-14.55,
0.0,
1.0
]
}
}
]
},
{
"I": 66,
"DU": 1,
"E": [
{
"SI": {
"SN": "Pretty Tight Bars Head",
"IN": "",
"ST": "G",
"FF": 66,
"LP": "PO",
"TRP": {
"x": -216.75,
"y": -4.75
},
"M3D": [
0.9986572265625,
-0.0483551025390625,
0.0,
0.0,
0.0483551025390625,
0.9986572265625,
0.0,
0.0,
0.0,
0.0,
1.0,
0.0,
-0.1,
-14.55,
0.0,
1.0
]
}
}
]
},
{
"I": 67,
"DU": 1,
"E": [
{
"SI": {
"SN": "Pretty Tight Bars Head",
"IN": "",
"ST": "G",
"FF": 67,
"LP": "PO",
"TRP": {
"x": -216.75,
"y": -4.75
},
"M3D": [
0.9986572265625,
-0.0483551025390625,
0.0,
0.0,
0.0483551025390625,
0.9986572265625,
0.0,
0.0,
0.0,
0.0,
1.0,
0.0,
-0.1,
-14.55,
0.0,
1.0
]
}
}
]
},
{
"I": 68,
"DU": 1,
"E": [
{
"SI": {
"SN": "Pretty Tight Bars Head",
"IN": "",
"ST": "G",
"FF": 68,
"LP": "PO",
"TRP": {
"x": -216.75,
"y": -4.75
},
"M3D": [
0.9986572265625,
-0.0483551025390625,
0.0,
0.0,
0.0483551025390625,
0.9986572265625,
0.0,
0.0,
0.0,
0.0,
1.0,
0.0,
-0.1,
-14.55,
0.0,
1.0
]
}
}
]
},
{
"I": 69,
"DU": 1,
"E": [
{
"SI": {
"SN": "Pretty Tight Bars Head",
"IN": "",
"ST": "G",
"FF": 69,
"LP": "PO",
"TRP": {
"x": -216.75,
"y": -4.75
},
"M3D": [
0.9986572265625,
-0.0483551025390625,
0.0,
0.0,
0.0483551025390625,
0.9986572265625,
0.0,
0.0,
0.0,
0.0,
1.0,
0.0,
-0.1,
-14.55,
0.0,
1.0
]
}
}
]
},
{
"I": 70,
"DU": 1,
"E": [
{
"SI": {
"SN": "Pretty Tight Bars Head",
"IN": "",
"ST": "G",
"FF": 70,
"LP": "PO",
"TRP": {
"x": -216.75,
"y": -4.75
},
"M3D": [
0.9986572265625,
-0.0483551025390625,
0.0,
0.0,
0.0483551025390625,
0.9986572265625,
0.0,
0.0,
0.0,
0.0,
1.0,
0.0,
-0.1,
-14.55,
0.0,
1.0
]
}
}
]
},
{
"I": 71,
"DU": 1,
"E": [
{
"SI": {
"SN": "Pretty Tight Bars Head",
"IN": "",
"ST": "G",
"FF": 71,
"LP": "PO",
"TRP": {
"x": -216.75,
"y": -4.75
},
"M3D": [
0.9986572265625,
-0.0483551025390625,
0.0,
0.0,
0.0483551025390625,
0.9986572265625,
0.0,
0.0,
0.0,
0.0,
1.0,
0.0,
-0.1,
-14.55,
0.0,
1.0
]
}
}
]
},
{
"I": 72,
"DU": 1,
"E": [
{
"SI": {
"SN": "Pretty Tight Bars Head",
"IN": "",
"ST": "G",
"FF": 72,
"LP": "PO",
"TRP": {
"x": -216.75,
"y": -4.75
},
"M3D": [
0.9986572265625,
-0.0483551025390625,
0.0,
0.0,
0.0483551025390625,
0.9986572265625,
0.0,
0.0,
0.0,
0.0,
1.0,
0.0,
-0.1,
-14.55,
0.0,
1.0
]
}
}
]
},
{
"I": 73,
"DU": 1,
"E": [
{
"SI": {
"SN": "Pretty Tight Bars Head",
"IN": "",
"ST": "G",
"FF": 73,
"LP": "PO",
"TRP": {
"x": -216.75,
"y": -4.75
},
"M3D": [
0.9986572265625,
-0.0483551025390625,
0.0,
0.0,
0.0483551025390625,
0.9986572265625,
0.0,
0.0,
0.0,
0.0,
1.0,
0.0,
-0.1,
-14.55,
0.0,
1.0
]
}
}
]
},
{
"I": 74,
"DU": 1,
"E": [
{
"SI": {
"SN": "Pretty Tight Bars Head",
"IN": "",
"ST": "G",
"FF": 74,
"LP": "PO",
"TRP": {
"x": -216.75,
"y": -4.75
},
"M3D": [
0.9986572265625,
-0.0483551025390625,
0.0,
0.0,
0.0483551025390625,
0.9986572265625,
0.0,
0.0,
0.0,
0.0,
1.0,
0.0,
-0.1,
-14.55,
0.0,
1.0
]
}
}
]
},
{
"I": 75,
"DU": 1,
"E": [
{
"SI": {
"SN": "Pretty Tight Bars Head",
"IN": "",
"ST": "G",
"FF": 75,
"LP": "PO",
"TRP": {
"x": -216.75,
"y": -4.75
},
"M3D": [
0.9986572265625,
-0.0483551025390625,
0.0,
0.0,
0.0483551025390625,
0.9986572265625,
0.0,
0.0,
0.0,
0.0,
1.0,
0.0,
-0.1,
-14.55,
0.0,
1.0
]
}
}
]
},
{
"I": 76,
"DU": 1,
"E": [
{
"SI": {
"SN": "Pretty Tight Bars Head",
"IN": "",
"ST": "G",
"FF": 76,
"LP": "PO",
"TRP": {
"x": -216.75,
"y": -4.75
},
"M3D": [
0.9986572265625,
-0.0483551025390625,
0.0,
0.0,
0.0483551025390625,
0.9986572265625,
0.0,
0.0,
0.0,
0.0,
1.0,
0.0,
-0.1,
-14.55,
0.0,
1.0
]
}
}
]
},
{
"I": 77,
"DU": 1,
"E": [
{
"SI": {
"SN": "Pretty Tight Bars Head",
"IN": "",
"ST": "G",
"FF": 77,
"LP": "PO",
"TRP": {
"x": -216.75,
"y": -4.75
},
"M3D": [
0.9986572265625,
-0.0483551025390625,
0.0,
0.0,
0.0483551025390625,
0.9986572265625,
0.0,
0.0,
0.0,
0.0,
1.0,
0.0,
-0.1,
-14.55,
0.0,
1.0
]
}
}
]
},
{
"I": 78,
"DU": 1,
"E": [
{
"SI": {
"SN": "Pretty Tight Bars Head",
"IN": "",
"ST": "G",
"FF": 78,
"LP": "PO",
"TRP": {
"x": -216.75,
"y": -4.75
},
"M3D": [
0.9986572265625,
-0.0483551025390625,
0.0,
0.0,
0.0483551025390625,
0.9986572265625,
0.0,
0.0,
0.0,
0.0,
1.0,
0.0,
-0.1,
-14.55,
0.0,
1.0
]
}
}
]
},
{
"I": 79,
"DU": 1,
"E": [
{
"SI": {
"SN": "Pretty Tight Bars Head",
"IN": "",
"ST": "G",
"FF": 79,
"LP": "PO",
"TRP": {
"x": -216.75,
"y": -4.75
},
"M3D": [
0.9986572265625,
-0.0483551025390625,
0.0,
0.0,
0.0483551025390625,
0.9986572265625,
0.0,
0.0,
0.0,
0.0,
1.0,
0.0,
-0.1,
-14.55,
0.0,
1.0
]
}
}
]
},
{
"I": 80,
"DU": 1,
"E": [
{
"SI": {
"SN": "Pretty Tight Bars Head",
"IN": "",
"ST": "G",
"FF": 80,
"LP": "PO",
"TRP": {
"x": -216.75,
"y": -4.75
},
"M3D": [
0.9986572265625,
-0.0483551025390625,
0.0,
0.0,
0.0483551025390625,
0.9986572265625,
0.0,
0.0,
0.0,
0.0,
1.0,
0.0,
-0.1,
-14.55,
0.0,
1.0
]
}
}
]
},
{
"I": 81,
"DU": 1,
"E": [
{
"SI": {
"SN": "Pretty Tight Bars Head",
"IN": "",
"ST": "G",
"FF": 81,
"LP": "PO",
"TRP": {
"x": -216.75,
"y": -4.75
},
"M3D": [
0.9986572265625,
-0.0483551025390625,
0.0,
0.0,
0.0483551025390625,
0.9986572265625,
0.0,
0.0,
0.0,
0.0,
1.0,
0.0,
-0.1,
-14.55,
0.0,
1.0
]
}
}
]
},
{
"I": 82,
"DU": 1,
"E": [
{
"SI": {
"SN": "Pretty Tight Bars Head",
"IN": "",
"ST": "G",
"FF": 82,
"LP": "PO",
"TRP": {
"x": -216.75,
"y": -4.75
},
"M3D": [
0.9986572265625,
-0.0483551025390625,
0.0,
0.0,
0.0483551025390625,
0.9986572265625,
0.0,
0.0,
0.0,
0.0,
1.0,
0.0,
-0.1,
-14.55,
0.0,
1.0
]
}
}
]
},
{
"I": 83,
"DU": 1,
"E": [
{
"SI": {
"SN": "Pretty Tight Bars Head",
"IN": "",
"ST": "G",
"FF": 83,
"LP": "PO",
"TRP": {
"x": -216.75,
"y": -4.75
},
"M3D": [
0.9986572265625,
-0.0483551025390625,
0.0,
0.0,
0.0483551025390625,
0.9986572265625,
0.0,
0.0,
0.0,
0.0,
1.0,
0.0,
-0.1,
-14.55,
0.0,
1.0
]
}
}
]
},
{
"I": 84,
"DU": 1,
"E": [
{
"SI": {
"SN": "Pretty Tight Bars Head",
"IN": "",
"ST": "G",
"FF": 84,
"LP": "PO",
"TRP": {
"x": -216.75,
"y": -4.75
},
"M3D": [
0.9986572265625,
-0.0483551025390625,
0.0,
0.0,
0.0483551025390625,
0.9986572265625,
0.0,
0.0,
0.0,
0.0,
1.0,
0.0,
-0.1,
-14.55,
0.0,
1.0
]
}
}
]
},
{
"I": 85,
"DU": 1,
"E": [
{
"SI": {
"SN": "Pretty Tight Bars Head",
"IN": "",
"ST": "G",
"FF": 85,
"LP": "PO",
"TRP": {
"x": -216.75,
"y": -4.75
},
"M3D": [
0.9986572265625,
-0.0483551025390625,
0.0,
0.0,
0.0483551025390625,
0.9986572265625,
0.0,
0.0,
0.0,
0.0,
1.0,
0.0,
-0.1,
-14.55,
0.0,
1.0
]
}
}
]
},
{
"I": 86,
"DU": 1,
"E": [
{
"SI": {
"SN": "Pretty Tight Bars Head",
"IN": "",
"ST": "G",
"FF": 86,
"LP": "PO",
"TRP": {
"x": -216.75,
"y": -4.75
},
"M3D": [
0.9986572265625,
-0.0483551025390625,
0.0,
0.0,
0.0483551025390625,
0.9986572265625,
0.0,
0.0,
0.0,
0.0,
1.0,
0.0,
-0.1,
-14.55,
0.0,
1.0
]
}
}
]
},
{
"I": 87,
"DU": 1,
"E": [
{
"SI": {
"SN": "Pretty Tight Bars Head",
"IN": "",
"ST": "G",
"FF": 87,
"LP": "PO",
"TRP": {
"x": -216.75,
"y": -4.75
},
"M3D": [
0.9986572265625,
-0.0483551025390625,
0.0,
0.0,
0.0483551025390625,
0.9986572265625,
0.0,
0.0,
0.0,
0.0,
1.0,
0.0,
-0.1,
-14.55,
0.0,
1.0
]
}
}
]
},
{
"I": 88,
"DU": 1,
"E": [
{
"SI": {
"SN": "Pretty Tight Bars Head",
"IN": "",
"ST": "G",
"FF": 88,
"LP": "PO",
"TRP": {
"x": -216.75,
"y": -4.75
},
"M3D": [
0.9986572265625,
-0.0483551025390625,
0.0,
0.0,
0.0483551025390625,
0.9986572265625,
0.0,
0.0,
0.0,
0.0,
1.0,
0.0,
-0.1,
-14.55,
0.0,
1.0
]
}
}
]
},
{
"I": 89,
"DU": 1,
"E": [
{
"SI": {
"SN": "Pretty Tight Bars Head",
"IN": "",
"ST": "G",
"FF": 89,
"LP": "PO",
"TRP": {
"x": -216.75,
"y": -4.75
},
"M3D": [
0.9986572265625,
-0.0483551025390625,
0.0,
0.0,
0.0483551025390625,
0.9986572265625,
0.0,
0.0,
0.0,
0.0,
1.0,
0.0,
-0.1,
-14.55,
0.0,
1.0
]
}
}
]
},
{
"I": 90,
"DU": 1,
"E": [
{
"SI": {
"SN": "Pretty Tight Bars Head",
"IN": "",
"ST": "G",
"FF": 90,
"LP": "PO",
"TRP": {
"x": -216.75,
"y": -4.75
},
"M3D": [
0.9986572265625,
-0.0483551025390625,
0.0,
0.0,
0.0483551025390625,
0.9986572265625,
0.0,
0.0,
0.0,
0.0,
1.0,
0.0,
-0.1,
-14.55,
0.0,
1.0
]
}
}
]
},
{
"I": 91,
"DU": 1,
"E": [
{
"SI": {
"SN": "Pretty Tight Bars Head",
"IN": "",
"ST": "G",
"FF": 91,
"LP": "PO",
"TRP": {
"x": -216.75,
"y": -4.75
},
"M3D": [
0.9986572265625,
-0.0483551025390625,
0.0,
0.0,
0.0483551025390625,
0.9986572265625,
0.0,
0.0,
0.0,
0.0,
1.0,
0.0,
-0.1,
-14.55,
0.0,
1.0
]
}
}
]
},
{
"I": 92,
"DU": 1,
"E": [
{
"SI": {
"SN": "Pretty Tight Bars Head",
"IN": "",
"ST": "G",
"FF": 92,
"LP": "PO",
"TRP": {
"x": -216.75,
"y": -4.75
},
"M3D": [
0.9986572265625,
-0.0483551025390625,
0.0,
0.0,
0.0483551025390625,
0.9986572265625,
0.0,
0.0,
0.0,
0.0,
1.0,
0.0,
-0.1,
-14.55,
0.0,
1.0
]
}
}
]
},
{
"I": 93,
"DU": 1,
"E": [
{
"SI": {
"SN": "Pretty Tight Bars Head",
"IN": "",
"ST": "G",
"FF": 93,
"LP": "PO",
"TRP": {
"x": -216.75,
"y": -4.75
},
"M3D": [
0.9986572265625,
-0.0483551025390625,
0.0,
0.0,
0.0483551025390625,
0.9986572265625,
0.0,
0.0,
0.0,
0.0,
1.0,
0.0,
-0.1,
-14.55,
0.0,
1.0
]
}
}
]
},
{
"I": 94,
"DU": 1,
"E": [
{
"SI": {
"SN": "Pretty Tight Bars Head",
"IN": "",
"ST": "G",
"FF": 94,
"LP": "PO",
"TRP": {
"x": -216.75,
"y": -4.75
},
"M3D": [
0.9986572265625,
-0.0483551025390625,
0.0,
0.0,
0.0483551025390625,
0.9986572265625,
0.0,
0.0,
0.0,
0.0,
1.0,
0.0,
-0.1,
-14.55,
0.0,
1.0
]
}
}
]
},
{
"I": 95,
"DU": 1,
"E": [
{
"SI": {
"SN": "Pretty Tight Bars Head",
"IN": "",
"ST": "G",
"FF": 95,
"LP": "PO",
"TRP": {
"x": -216.75,
"y": -4.75
},
"M3D": [
0.9986572265625,
-0.0483551025390625,
0.0,
0.0,
0.0483551025390625,
0.9986572265625,
0.0,
0.0,
0.0,
0.0,
1.0,
0.0,
-0.1,
-14.55,
0.0,
1.0
]
}
}
]
},
{
"I": 96,
"DU": 1,
"E": [
{
"SI": {
"SN": "Pretty Tight Bars Head",
"IN": "",
"ST": "G",
"FF": 96,
"LP": "PO",
"TRP": {
"x": -216.75,
"y": -4.75
},
"M3D": [
0.9986572265625,
-0.0483551025390625,
0.0,
0.0,
0.0483551025390625,
0.9986572265625,
0.0,
0.0,
0.0,
0.0,
1.0,
0.0,
-0.1,
-14.55,
0.0,
1.0
]
}
}
]
},
{
"I": 97,
"DU": 1,
"E": [
{
"SI": {
"SN": "Pretty Tight Bars Head",
"IN": "",
"ST": "G",
"FF": 97,
"LP": "PO",
"TRP": {
"x": -216.75,
"y": -4.75
},
"M3D": [
0.9986572265625,
-0.0483551025390625,
0.0,
0.0,
0.0483551025390625,
0.9986572265625,
0.0,
0.0,
0.0,
0.0,
1.0,
0.0,
-0.1,
-14.55,
0.0,
1.0
]
}
}
]
},
{
"I": 98,
"DU": 1,
"E": [
{
"SI": {
"SN": "Pretty Tight Bars Head",
"IN": "",
"ST": "G",
"FF": 98,
"LP": "PO",
"TRP": {
"x": -216.8,
"y": -4.800000000000001
},
"M3D": [
1.0,
0.0,
0.0,
0.0,
0.0,
1.0,
0.0,
0.0,
0.0,
0.0,
1.0,
0.0,
8.8,
0.0,
0.0,
1.0
]
}
}
]
},
{
"I": 99,
"DU": 1,
"E": [
{
"SI": {
"SN": "Pretty Tight Bars Head",
"IN": "",
"ST": "G",
"FF": 99,
"LP": "PO",
"TRP": {
"x": -216.8,
"y": -4.8
},
"M3D": [
1.0,
0.0,
0.0,
0.0,
0.0,
1.0,
0.0,
0.0,
0.0,
0.0,
1.0,
0.0,
8.8,
0.0,
0.0,
1.0
]
}
}
]
},
{
"I": 100,
"DU": 1,
"E": [
{
"SI": {
"SN": "Pretty Tight Bars Head",
"IN": "",
"ST": "G",
"FF": 100,
"LP": "PO",
"TRP": {
"x": -216.8,
"y": -4.800000000000001
},
"M3D": [
1.0,
0.0,
0.0,
0.0,
0.0,
1.0,
0.0,
0.0,
0.0,
0.0,
1.0,
0.0,
4.0,
0.0,
0.0,
1.0
]
}
}
]
},
{
"I": 101,
"DU": 1,
"E": [
{
"SI": {
"SN": "Pretty Tight Bars Head",
"IN": "",
"ST": "G",
"FF": 101,
"LP": "PO",
"TRP": {
"x": -216.8,
"y": -4.8
},
"M3D": [
1.0,
0.0,
0.0,
0.0,
0.0,
1.0,
0.0,
0.0,
0.0,
0.0,
1.0,
0.0,
4.0,
0.0,
0.0,
1.0
]
}
}
]
},
{
"I": 102,
"DU": 1,
"E": [
{
"SI": {
"SN": "Pretty Tight Bars Head",
"IN": "",
"ST": "G",
"FF": 102,
"LP": "PO",
"TRP": {
"x": -216.8,
"y": -4.8
},
"M3D": [
1.0,
0.0,
0.0,
0.0,
0.0,
1.0,
0.0,
0.0,
0.0,
0.0,
1.0,
0.0,
4.0,
0.0,
0.0,
1.0
]
}
}
]
},
{
"I": 103,
"DU": 1,
"E": [
{
"SI": {
"SN": "Pretty Tight Bars Head",
"IN": "",
"ST": "G",
"FF": 103,
"LP": "PO",
"TRP": {
"x": -216.8,
"y": -4.8
},
"M3D": [
1.0,
0.0,
0.0,
0.0,
0.0,
1.0,
0.0,
0.0,
0.0,
0.0,
1.0,
0.0,
4.0,
0.0,
0.0,
1.0
]
}
}
]
},
{
"I": 104,
"DU": 1,
"E": [
{
"SI": {
"SN": "Pretty Tight Bars Head",
"IN": "",
"ST": "G",
"FF": 104,
"LP": "PO",
"TRP": {
"x": -216.8,
"y": -4.8
},
"M3D": [
1.0,
0.0,
0.0,
0.0,
0.0,
1.0,
0.0,
0.0,
0.0,
0.0,
1.0,
0.0,
4.0,
0.0,
0.0,
1.0
]
}
}
]
},
{
"I": 105,
"DU": 1,
"E": [
{
"SI": {
"SN": "Pretty Tight Bars Head",
"IN": "",
"ST": "G",
"FF": 105,
"LP": "PO",
"TRP": {
"x": -216.8,
"y": -4.8
},
"M3D": [
1.0,
0.0,
0.0,
0.0,
0.0,
1.0,
0.0,
0.0,
0.0,
0.0,
1.0,
0.0,
4.0,
0.0,
0.0,
1.0
]
}
}
]
},
{
"I": 106,
"DU": 1,
"E": [
{
"SI": {
"SN": "Pretty Tight Bars Head",
"IN": "",
"ST": "G",
"FF": 106,
"LP": "PO",
"TRP": {
"x": -216.8,
"y": -4.8
},
"M3D": [
1.0,
0.0,
0.0,
0.0,
0.0,
1.0,
0.0,
0.0,
0.0,
0.0,
1.0,
0.0,
4.0,
0.0,
0.0,
1.0
]
}
}
]
},
{
"I": 107,
"DU": 1,
"E": [
{
"SI": {
"SN": "Pretty Tight Bars Head",
"IN": "",
"ST": "G",
"FF": 107,
"LP": "PO",
"TRP": {
"x": -216.8,
"y": -4.8
},
"M3D": [
1.0,
0.0,
0.0,
0.0,
0.0,
1.0,
0.0,
0.0,
0.0,
0.0,
1.0,
0.0,
4.0,
0.0,
0.0,
1.0
]
}
}
]
},
{
"I": 108,
"DU": 1,
"E": [
{
"SI": {
"SN": "Pretty Tight Bars Head",
"IN": "",
"ST": "G",
"FF": 108,
"LP": "PO",
"TRP": {
"x": -216.8,
"y": -4.8
},
"M3D": [
1.0,
0.0,
0.0,
0.0,
0.0,
1.0,
0.0,
0.0,
0.0,
0.0,
1.0,
0.0,
4.0,
0.0,
0.0,
1.0
]
}
}
]
},
{
"I": 109,
"DU": 1,
"E": [
{
"SI": {
"SN": "Pretty Tight Bars Head",
"IN": "",
"ST": "G",
"FF": 109,
"LP": "PO",
"TRP": {
"x": -216.8,
"y": -4.8
},
"M3D": [
1.0,
0.0,
0.0,
0.0,
0.0,
1.0,
0.0,
0.0,
0.0,
0.0,
1.0,
0.0,
4.0,
0.0,
0.0,
1.0
]
}
}
]
},
{
"I": 110,
"DU": 1,
"E": [
{
"SI": {
"SN": "Pretty Tight Bars Head",
"IN": "",
"ST": "G",
"FF": 110,
"LP": "PO",
"TRP": {
"x": -216.8,
"y": -4.8
},
"M3D": [
1.0,
0.0,
0.0,
0.0,
0.0,
1.0,
0.0,
0.0,
0.0,
0.0,
1.0,
0.0,
4.0,
0.0,
0.0,
1.0
]
}
}
]
},
{
"I": 111,
"DU": 1,
"E": [
{
"SI": {
"SN": "Pretty Tight Bars Head",
"IN": "",
"ST": "G",
"FF": 111,
"LP": "PO",
"TRP": {
"x": -216.8,
"y": -4.8
},
"M3D": [
1.0,
0.0,
0.0,
0.0,
0.0,
1.0,
0.0,
0.0,
0.0,
0.0,
1.0,
0.0,
4.0,
0.0,
0.0,
1.0
]
}
}
]
},
{
"I": 112,
"DU": 1,
"E": [
{
"SI": {
"SN": "Pretty Tight Bars Head",
"IN": "",
"ST": "G",
"FF": 112,
"LP": "PO",
"TRP": {
"x": -216.8,
"y": -4.800000000000001
},
"M3D": [
1.0,
0.0,
0.0,
0.0,
0.0,
1.0,
0.0,
0.0,
0.0,
0.0,
1.0,
0.0,
5.6,
0.0,
0.0,
1.0
]
}
}
]
},
{
"I": 113,
"DU": 1,
"E": [
{
"SI": {
"SN": "Pretty Tight Bars Head",
"IN": "",
"ST": "G",
"FF": 113,
"LP": "PO",
"TRP": {
"x": -216.8,
"y": -4.8
},
"M3D": [
1.0,
0.0,
0.0,
0.0,
0.0,
1.0,
0.0,
0.0,
0.0,
0.0,
1.0,
0.0,
5.6,
0.0,
0.0,
1.0
]
}
}
]
},
{
"I": 114,
"DU": 1,
"E": [
{
"SI": {
"SN": "Pretty Tight Bars Head",
"IN": "",
"ST": "G",
"FF": 114,
"LP": "PO",
"TRP": {
"x": -216.8,
"y": -4.800000000000001
},
"M3D": [
1.0,
0.0,
0.0,
0.0,
0.0,
1.0,
0.0,
0.0,
0.0,
0.0,
1.0,
0.0,
4.0,
0.0,
0.0,
1.0
]
}
}
]
},
{
"I": 115,
"DU": 1,
"E": [
{
"SI": {
"SN": "Pretty Tight Bars Head",
"IN": "",
"ST": "G",
"FF": 115,
"LP": "PO",
"TRP": {
"x": -216.8,
"y": -4.8
},
"M3D": [
1.0,
0.0,
0.0,
0.0,
0.0,
1.0,
0.0,
0.0,
0.0,
0.0,
1.0,
0.0,
4.0,
0.0,
0.0,
1.0
]
}
}
]
},
{
"I": 116,
"DU": 1,
"E": [
{
"SI": {
"SN": "Pretty Tight Bars Head",
"IN": "",
"ST": "G",
"FF": 116,
"LP": "PO",
"TRP": {
"x": -216.8,
"y": -4.8
},
"M3D": [
1.0,
0.0,
0.0,
0.0,
0.0,
1.0,
0.0,
0.0,
0.0,
0.0,
1.0,
0.0,
4.0,
0.0,
0.0,
1.0
]
}
}
]
},
{
"I": 117,
"DU": 1,
"E": [
{
"SI": {
"SN": "Pretty Tight Bars Head",
"IN": "",
"ST": "G",
"FF": 117,
"LP": "PO",
"TRP": {
"x": -216.8,
"y": -4.8
},
"M3D": [
1.0,
0.0,
0.0,
0.0,
0.0,
1.0,
0.0,
0.0,
0.0,
0.0,
1.0,
0.0,
4.0,
0.0,
0.0,
1.0
]
}
}
]
},
{
"I": 118,
"DU": 1,
"E": [
{
"SI": {
"SN": "Pretty Tight Bars Head",
"IN": "",
"ST": "G",
"FF": 118,
"LP": "PO",
"TRP": {
"x": -216.8,
"y": -4.8
},
"M3D": [
1.0,
0.0,
0.0,
0.0,
0.0,
1.0,
0.0,
0.0,
0.0,
0.0,
1.0,
0.0,
4.0,
0.0,
0.0,
1.0
]
}
}
]
},
{
"I": 119,
"DU": 1,
"E": [
{
"SI": {
"SN": "Pretty Tight Bars Head",
"IN": "",
"ST": "G",
"FF": 119,
"LP": "PO",
"TRP": {
"x": -216.8,
"y": -4.8
},
"M3D": [
1.0,
0.0,
0.0,
0.0,
0.0,
1.0,
0.0,
0.0,
0.0,
0.0,
1.0,
0.0,
4.0,
0.0,
0.0,
1.0
]
}
}
]
},
{
"I": 120,
"DU": 1,
"E": [
{
"SI": {
"SN": "Pretty Tight Bars Head",
"IN": "",
"ST": "G",
"FF": 120,
"LP": "PO",
"TRP": {
"x": -216.8,
"y": -4.8
},
"M3D": [
1.0,
0.0,
0.0,
0.0,
0.0,
1.0,
0.0,
0.0,
0.0,
0.0,
1.0,
0.0,
4.0,
0.0,
0.0,
1.0
]
}
}
]
},
{
"I": 121,
"DU": 1,
"E": [
{
"SI": {
"SN": "Pretty Tight Bars Head",
"IN": "",
"ST": "G",
"FF": 121,
"LP": "PO",
"TRP": {
"x": -216.8,
"y": -4.8
},
"M3D": [
1.0,
0.0,
0.0,
0.0,
0.0,
1.0,
0.0,
0.0,
0.0,
0.0,
1.0,
0.0,
4.0,
0.0,
0.0,
1.0
]
}
}
]
},
{
"I": 122,
"DU": 1,
"E": [
{
"SI": {
"SN": "Pretty Tight Bars Head",
"IN": "",
"ST": "G",
"FF": 122,
"LP": "PO",
"TRP": {
"x": -216.8,
"y": -4.8
},
"M3D": [
1.0,
0.0,
0.0,
0.0,
0.0,
1.0,
0.0,
0.0,
0.0,
0.0,
1.0,
0.0,
4.0,
0.0,
0.0,
1.0
]
}
}
]
},
{
"I": 123,
"DU": 1,
"E": [
{
"SI": {
"SN": "Pretty Tight Bars Head",
"IN": "",
"ST": "G",
"FF": 123,
"LP": "PO",
"TRP": {
"x": -216.8,
"y": -4.8
},
"M3D": [
1.0,
0.0,
0.0,
0.0,
0.0,
1.0,
0.0,
0.0,
0.0,
0.0,
1.0,
0.0,
4.0,
0.0,
0.0,
1.0
]
}
}
]
},
{
"I": 124,
"DU": 1,
"E": [
{
"SI": {
"SN": "Pretty Tight Bars Head",
"IN": "",
"ST": "G",
"FF": 124,
"LP": "PO",
"TRP": {
"x": -216.8,
"y": -4.8
},
"M3D": [
1.0,
0.0,
0.0,
0.0,
0.0,
1.0,
0.0,
0.0,
0.0,
0.0,
1.0,
0.0,
4.0,
0.0,
0.0,
1.0
]
}
}
]
},
{
"I": 125,
"DU": 1,
"E": [
{
"SI": {
"SN": "Pretty Tight Bars Head",
"IN": "",
"ST": "G",
"FF": 125,
"LP": "PO",
"TRP": {
"x": -216.8,
"y": -4.8
},
"M3D": [
1.0,
0.0,
0.0,
0.0,
0.0,
1.0,
0.0,
0.0,
0.0,
0.0,
1.0,
0.0,
4.0,
0.0,
0.0,
1.0
]
}
}
]
},
{
"I": 126,
"DU": 1,
"E": [
{
"SI": {
"SN": "Pretty Tight Bars Head",
"IN": "",
"ST": "G",
"FF": 126,
"LP": "PO",
"TRP": {
"x": -216.8,
"y": -4.8
},
"M3D": [
1.0,
0.0,
0.0,
0.0,
0.0,
1.0,
0.0,
0.0,
0.0,
0.0,
1.0,
0.0,
4.0,
0.0,
0.0,
1.0
]
}
}
]
},
{
"I": 127,
"DU": 1,
"E": [
{
"SI": {
"SN": "Pretty Tight Bars Head",
"IN": "",
"ST": "G",
"FF": 127,
"LP": "PO",
"TRP": {
"x": -216.8,
"y": -4.8
},
"M3D": [
1.0,
0.0,
0.0,
0.0,
0.0,
1.0,
0.0,
0.0,
0.0,
0.0,
1.0,
0.0,
4.0,
0.0,
0.0,
1.0
]
}
}
]
},
{
"I": 128,
"DU": 1,
"E": [
{
"SI": {
"SN": "Pretty Tight Bars Head",
"IN": "",
"ST": "G",
"FF": 128,
"LP": "PO",
"TRP": {
"x": -216.8,
"y": -4.8
},
"M3D": [
1.0,
0.0,
0.0,
0.0,
0.0,
1.0,
0.0,
0.0,
0.0,
0.0,
1.0,
0.0,
4.0,
0.0,
0.0,
1.0
]
}
}
]
},
{
"I": 129,
"DU": 1,
"E": [
{
"SI": {
"SN": "Pretty Tight Bars Head",
"IN": "",
"ST": "G",
"FF": 129,
"LP": "PO",
"TRP": {
"x": -216.8,
"y": -4.8
},
"M3D": [
1.0,
0.0,
0.0,
0.0,
0.0,
1.0,
0.0,
0.0,
0.0,
0.0,
1.0,
0.0,
4.0,
0.0,
0.0,
1.0
]
}
}
]
},
{
"I": 130,
"DU": 1,
"E": [
{
"SI": {
"SN": "Pretty Tight Bars Head",
"IN": "",
"ST": "G",
"FF": 130,
"LP": "PO",
"TRP": {
"x": -216.8,
"y": -4.8
},
"M3D": [
1.0,
0.0,
0.0,
0.0,
0.0,
1.0,
0.0,
0.0,
0.0,
0.0,
1.0,
0.0,
4.0,
0.0,
0.0,
1.0
]
}
}
]
},
{
"I": 131,
"DU": 1,
"E": [
{
"SI": {
"SN": "Pretty Tight Bars Head",
"IN": "",
"ST": "G",
"FF": 131,
"LP": "PO",
"TRP": {
"x": -216.8,
"y": -4.8
},
"M3D": [
1.0,
0.0,
0.0,
0.0,
0.0,
1.0,
0.0,
0.0,
0.0,
0.0,
1.0,
0.0,
4.0,
0.0,
0.0,
1.0
]
}
}
]
},
{
"I": 132,
"DU": 1,
"E": [
{
"SI": {
"SN": "Pretty Tight Bars Head",
"IN": "",
"ST": "G",
"FF": 132,
"LP": "PO",
"TRP": {
"x": -216.8,
"y": -4.8
},
"M3D": [
1.0,
0.0,
0.0,
0.0,
0.0,
1.0,
0.0,
0.0,
0.0,
0.0,
1.0,
0.0,
4.0,
0.0,
0.0,
1.0
]
}
}
]
},
{
"I": 133,
"DU": 1,
"E": [
{
"SI": {
"SN": "Pretty Tight Bars Head",
"IN": "",
"ST": "G",
"FF": 133,
"LP": "PO",
"TRP": {
"x": -216.8,
"y": -4.8
},
"M3D": [
1.0,
0.0,
0.0,
0.0,
0.0,
1.0,
0.0,
0.0,
0.0,
0.0,
1.0,
0.0,
4.0,
0.0,
0.0,
1.0
]
}
}
]
},
{
"I": 134,
"DU": 1,
"E": [
{
"SI": {
"SN": "Pretty Tight Bars Head",
"IN": "",
"ST": "G",
"FF": 134,
"LP": "PO",
"TRP": {
"x": -216.8,
"y": -4.8
},
"M3D": [
1.0,
0.0,
0.0,
0.0,
0.0,
1.0,
0.0,
0.0,
0.0,
0.0,
1.0,
0.0,
4.0,
0.0,
0.0,
1.0
]
}
}
]
},
{
"I": 135,
"DU": 1,
"E": [
{
"SI": {
"SN": "Pretty Tight Bars Head",
"IN": "",
"ST": "G",
"FF": 135,
"LP": "PO",
"TRP": {
"x": -216.8,
"y": -4.8
},
"M3D": [
1.0,
0.0,
0.0,
0.0,
0.0,
1.0,
0.0,
0.0,
0.0,
0.0,
1.0,
0.0,
4.0,
0.0,
0.0,
1.0
]
}
}
]
},
{
"I": 136,
"DU": 1,
"E": [
{
"SI": {
"SN": "Pretty Tight Bars Head",
"IN": "",
"ST": "G",
"FF": 136,
"LP": "PO",
"TRP": {
"x": -216.8,
"y": -4.8
},
"M3D": [
1.0,
0.0,
0.0,
0.0,
0.0,
1.0,
0.0,
0.0,
0.0,
0.0,
1.0,
0.0,
4.0,
0.0,
0.0,
1.0
]
}
}
]
},
{
"I": 137,
"DU": 1,
"E": [
{
"SI": {
"SN": "Pretty Tight Bars Head",
"IN": "",
"ST": "G",
"FF": 137,
"LP": "PO",
"TRP": {
"x": -216.8,
"y": -4.8
},
"M3D": [
1.0,
0.0,
0.0,
0.0,
0.0,
1.0,
0.0,
0.0,
0.0,
0.0,
1.0,
0.0,
4.0,
0.0,
0.0,
1.0
]
}
}
]
},
{
"I": 138,
"DU": 1,
"E": [
{
"SI": {
"SN": "Pretty Tight Bars Head",
"IN": "",
"ST": "G",
"FF": 138,
"LP": "PO",
"TRP": {
"x": -216.8,
"y": -4.8
},
"M3D": [
1.0,
0.0,
0.0,
0.0,
0.0,
1.0,
0.0,
0.0,
0.0,
0.0,
1.0,
0.0,
4.0,
0.0,
0.0,
1.0
]
}
}
]
},
{
"I": 139,
"DU": 1,
"E": [
{
"SI": {
